 ------- BEAMDYN V1.00.* INDIVIDUAL BLADE INPUT FILE --------------------------
 Test Format 1
 ---------------------- BLADE PARAMETERS --------------------------------------
40         station_total    - Number of blade input stations (-)
 1   format_index     - Format index: 1-6 by 6 matrices; 2-sectional properties
 ---------------------- DISTRIBUTED PROPERTIES---------------------------------
 0.0
     3.7098678342E+09   -3.2476752368E+04   -3.1479374575E+04   -3.0408791094E+05   -2.3417526943E+05   -3.0463398719E+05
    -3.2476752368E+04    1.4889517924E+08    1.1733154204E+07    9.2675624226E+03    2.9246166548E+05   -8.5646028337E+02
    -3.1479374575E+04    1.1733154204E+07    1.2011184896E+08    9.1632234252E+03    1.8154076214E+04    2.7869569781E+04
    -3.0408791094E+05    9.2675624226E+03    9.1632234252E+03    5.8491025790E+06    6.3374425504E+02    7.8097150319E+02
    -2.3417526943E+05    2.9246166548E+05    1.8154076214E+04    6.3374425504E+02    4.4952275521E+07    4.5403745943E+05
    -3.0463398719E+05   -8.5646028337E+02    2.7869569781E+04    7.8097150319E+02    4.5403745943E+05    4.1798982390E+07

     1.6161096052E+02    0.0000000000E+00    0.0000000000E+00    0.0000000000E+00   -9.1574225451E-04   -1.6515910311E-03
     0.0000000000E+00    1.6161096052E+02    0.0000000000E+00    9.1574225451E-04    0.0000000000E+00    0.0000000000E+00
     0.0000000000E+00    0.0000000000E+00    1.6161096052E+02    1.6515910311E-03    0.0000000000E+00    0.0000000000E+00
     0.0000000000E+00    9.1574225451E-04    1.6515910311E-03    3.8419953763E+00    0.0000000000E+00    0.0000000000E+00
    -9.1574225451E-04    0.0000000000E+00    0.0000000000E+00    0.0000000000E+00    1.9457297932E+00    2.3674524165E-02
    -1.6515910311E-03    0.0000000000E+00    0.0000000000E+00    0.0000000000E+00    2.3674524165E-02    1.8962655831E+00

  0.0043333333
     3.7098614700E+09   -3.2482013490E+04   -3.1444565543E+04   -3.0391894657E+05   -2.3417730622E+05   -3.0463063542E+05
    -3.2482013490E+04    1.4884775884E+08    1.1768772221E+07    9.2822123508E+03    2.9234262975E+05   -8.2999998690E+02
    -3.1444565543E+04    1.1768772221E+07    1.2000582872E+08    9.0993884149E+03    1.8238433009E+04    2.7835120080E+04
    -3.0391894657E+05    9.2822123508E+03    9.0993884149E+03    5.8477368970E+06    6.3361385739E+02    7.8059395781E+02
    -2.3417730622E+05    2.9234262975E+05    1.8238433009E+04    6.3361385739E+02    4.4952126241E+07    4.5403069596E+05
    -3.0463063542E+05   -8.2999998690E+02    2.7835120080E+04    7.8059395781E+02    4.5403069596E+05    4.1798882471E+07

     1.6161096045E+02    0.0000000000E+00    0.0000000000E+00    0.0000000000E+00   -9.1574302820E-04   -1.6515890854E-03
     0.0000000000E+00    1.6161096045E+02    0.0000000000E+00    9.1574302820E-04    0.0000000000E+00    0.0000000000E+00
     0.0000000000E+00    0.0000000000E+00    1.6161096045E+02    1.6515890854E-03    0.0000000000E+00    0.0000000000E+00
     0.0000000000E+00    9.1574302820E-04    1.6515890854E-03    3.8419953748E+00    0.0000000000E+00    0.0000000000E+00
    -9.1574302820E-04    0.0000000000E+00    0.0000000000E+00    0.0000000000E+00    1.9457297932E+00    2.3674524065E-02
    -1.6515890854E-03    0.0000000000E+00    0.0000000000E+00    0.0000000000E+00    2.3674524065E-02    1.8962655816E+00

  0.0143333
     3.6862750739E+09   -3.2283663539E+04   -3.1242405954E+04   -3.0023296145E+05   -2.7166778057E+05   -2.0384639546E+05
    -3.2283663539E+04    1.4810669213E+08    1.1745499540E+07    1.0473675586E+04    2.8872548830E+05   -8.2093965291E+02
    -3.1242405954E+04    1.1745499540E+07    1.1935467076E+08    5.9569758338E+03    1.8049325888E+04    2.7497105451E+04
    -3.0023296145E+05    1.0473675586E+04    5.9569758338E+03    5.7451781663E+06    6.2856992723E+02    7.5849255694E+02
    -2.7166778057E+05    2.8872548830E+05    1.8049325888E+04    6.2856992723E+02    4.4145560294E+07    4.4273567003E+05
    -2.0384639546E+05   -8.2093965291E+02    2.7497105451E+04    7.5849255694E+02    4.4273567003E+05    4.1057004432E+07

     1.6058928662E+02    0.0000000000E+00    0.0000000000E+00    0.0000000000E+00   -2.6620960861E-03    2.5974116773E-03
     0.0000000000E+00    1.6058928662E+02    0.0000000000E+00    2.6620960861E-03    0.0000000000E+00    0.0000000000E+00
     0.0000000000E+00    0.0000000000E+00    1.6058928662E+02   -2.5974116773E-03    0.0000000000E+00    0.0000000000E+00
     0.0000000000E+00    2.6620960861E-03   -2.5974116773E-03    3.7740297598E+00    0.0000000000E+00    0.0000000000E+00
    -2.6620960861E-03    0.0000000000E+00    0.0000000000E+00    0.0000000000E+00    1.9110898410E+00    2.3099489939E-02
     2.5974116773E-03    0.0000000000E+00    0.0000000000E+00    0.0000000000E+00    2.3099489939E-02    1.8629399188E+00

  0.0314444
     3.5153300441E+09   -3.1017001328E+04   -2.9634591697E+04   -2.7379330151E+05   -2.0983469543E+05   -2.7256503023E+05
    -3.1017001328E+04    1.4275882753E+08    1.2212912718E+07    8.1643904817E+03    2.6377011823E+05   -5.9935073420E+02
    -2.9634591697E+04    1.2212912718E+07    1.1348519897E+08    7.8564014798E+03    1.7850709359E+04    2.4940148598E+04
    -2.7379330151E+05    8.1643904817E+03    7.8564014798E+03    5.0485802441E+06    5.4639349075E+02    6.7454816011E+02
    -2.0983469543E+05    2.6377011823E+05    1.7850709359E+04    5.4639349075E+02    3.8790960528E+07    4.0191365380E+05
    -2.7256503023E+05   -5.9935073420E+02    2.4940148598E+04    6.7454816011E+02    4.0191365380E+05    3.6063065974E+07

     1.5320182962E+02    0.0000000000E+00    0.0000000000E+00    0.0000000000E+00   -7.3524307531E-04   -1.3566289885E-03
     0.0000000000E+00    1.5320182962E+02    0.0000000000E+00    7.3524307531E-04    0.0000000000E+00    0.0000000000E+00
     0.0000000000E+00    0.0000000000E+00    1.5320182962E+02    1.3566289885E-03    0.0000000000E+00    0.0000000000E+00
     0.0000000000E+00    7.3524307531E-04    1.3566289885E-03    3.3199251426E+00    0.0000000000E+00    0.0000000000E+00
    -7.3524307531E-04    0.0000000000E+00    0.0000000000E+00    0.0000000000E+00    1.6810824947E+00    2.0685765771E-02
    -1.3566289885E-03    0.0000000000E+00    0.0000000000E+00    0.0000000000E+00    2.0685765771E-02    1.6388426479E+00

  0.0362222222
     2.9639124374E+09   -2.8770884988E+04   -2.8965417496E+04   -2.4657383691E+05   -2.0917788581E+05   -2.7050938888E+05
    -2.8770884988E+04    1.1916777552E+08    4.8952400565E+06    1.1361191369E+04    2.3800459343E+05   -1.3574502191E+03
    -2.8965417496E+04    4.8952400565E+06    9.9969469071E+07    9.9727834089E+03    6.8019850610E+03    2.4069267949E+04
    -2.4657383691E+05    1.1361191369E+04    9.9727834089E+03    4.0816095147E+06    4.7215411402E+02    5.7474388169E+02
    -2.0917788581E+05    2.3800459343E+05    6.8019850610E+03    4.7215411402E+02    3.0592428162E+07    1.6709840041E+05
    -2.7050938888E+05   -1.3574502191E+03    2.4069267949E+04    5.7474388169E+02    1.6709840041E+05    2.8587224165E+07

     1.2904238501E+02    0.0000000000E+00    0.0000000000E+00    0.0000000000E+00   -2.8520599384E-03   -3.9503568262E-03
     0.0000000000E+00    1.2904238501E+02    0.0000000000E+00    2.8520599384E-03    0.0000000000E+00    0.0000000000E+00
     0.0000000000E+00    0.0000000000E+00    1.2904238501E+02    3.9503568262E-03    0.0000000000E+00    0.0000000000E+00
     0.0000000000E+00    2.8520599384E-03    3.9503568262E-03    2.6172559173E+00    0.0000000000E+00    0.0000000000E+00
    -2.8520599384E-03    0.0000000000E+00    0.0000000000E+00    0.0000000000E+00    1.3255802224E+00    9.6469799006E-03
    -3.9503568262E-03    0.0000000000E+00    0.0000000000E+00    0.0000000000E+00    9.6469799006E-03    1.2916756949E+00

  0.055333333
     2.2019207509E+09   -2.4483634585E+04   -6.1196408058E+04   -2.2744903849E+05   -2.1622725572E+05   -4.4459164484E+05
    -2.4483634585E+04    7.8763053503E+07   -6.6339079182E+05    3.7945221710E+03    2.1834579943E+05   -2.7416699068E+03
    -6.1196408058E+04   -6.6339079182E+05    7.4052315614E+07    1.3300373471E+05   -1.3523277373E+03    1.9489136299E+04
    -2.2744903849E+05    3.7945221710E+03    1.3300373471E+05    2.7002543083E+06    5.0923409433E+02    4.4179818714E+02
    -2.1622725572E+05    2.1834579943E+05   -1.3523277373E+03    5.0923409433E+02    2.1807523975E+07   -2.2871814457E+04
    -4.4459164484E+05   -2.7416699068E+03    1.9489136299E+04    4.4179818714E+02   -2.2871814457E+04    1.9985642652E+07

     9.1934952697E+01    0.0000000000E+00    0.0000000000E+00    0.0000000000E+00   -1.0529048698E-03   -3.5687784792E-02
     0.0000000000E+00    9.1934952697E+01    0.0000000000E+00    1.0529048698E-03    0.0000000000E+00    0.0000000000E+00
     0.0000000000E+00    0.0000000000E+00    9.1934952697E+01    3.5687784792E-02    0.0000000000E+00    0.0000000000E+00
     0.0000000000E+00    1.0529048698E-03    3.5687784792E-02    1.7430460855E+00    0.0000000000E+00    0.0000000000E+00
    -1.0529048698E-03    0.0000000000E+00    0.0000000000E+00    0.0000000000E+00    8.8686277108E-01    4.9456054868E-05
    -3.5687784792E-02    0.0000000000E+00    0.0000000000E+00    0.0000000000E+00    4.9456054868E-05    8.5618331446E-01

  0.070444444
     2.2663340316E+09   -2.5398643663E+04   -6.0500461744E+04   -2.4100317107E+05   -2.3144519254E+05   -4.6877685082E+05
    -2.5398643663E+04    8.0820644434E+07   -6.8396788960E+05    4.4880790134E+03    2.3178825280E+05   -2.9025620817E+03
    -6.0500461744E+04   -6.8396788960E+05    7.5974549836E+07    1.3535546975E+05   -1.4739142869E+03    2.0606139784E+04
    -2.4100317107E+05    4.4880790134E+03    1.3535546975E+05    2.9350865633E+06    5.5160432360E+02    4.8279058478E+02
    -2.3144519254E+05    2.3178825280E+05   -1.4739142869E+03    5.5160432360E+02    2.3734798559E+07   -2.5109328787E+04
    -4.6877685082E+05   -2.9025620817E+03    2.0606139784E+04    4.8279058478E+02   -2.5109328787E+04    2.1729524957E+07

     9.4627158410E+01    0.0000000000E+00    0.0000000000E+00    0.0000000000E+00   -1.2990776827E-03   -3.6933507387E-02
     0.0000000000E+00    9.4627158410E+01    0.0000000000E+00    1.2990776827E-03    0.0000000000E+00    0.0000000000E+00
     0.0000000000E+00    0.0000000000E+00    9.4627158410E+01    3.6933507387E-02    0.0000000000E+00    0.0000000000E+00
     0.0000000000E+00    1.2990776827E-03    3.6933507387E-02    1.8956226637E+00    0.0000000000E+00    0.0000000000E+00
    -1.2990776827E-03    0.0000000000E+00    0.0000000000E+00    0.0000000000E+00    9.6510199357E-01    6.3464682167E-05
    -3.6933507387E-02    0.0000000000E+00    0.0000000000E+00    0.0000000000E+00    6.3464682167E-05    9.3052067013E-01

  0.075
     2.5335705821E+08    2.1570503817E+04    5.0495837962E+04   -1.5829244898E+05    8.2214139198E+04    3.1474301290E+05
     2.1570503817E+04    1.6075767323E+07   -3.4032616130E+05   -4.5928288970E+04    2.9005417158E+05    3.3041413779E+03
     5.0495837962E+04   -3.4032616130E+05    1.2636051958E+07   -2.1715712186E+05    5.8126766628E+03    1.6061844240E+04
    -1.5829244898E+05   -4.5928288970E+04   -2.1715712186E+05    5.0590727853E+05   -5.0418748262E+02   -1.3090814332E+03
     8.2214139198E+04    2.9005417158E+05    5.8126766628E+03   -5.0418748262E+02    5.2127492848E+06    2.8968293561E+04
     3.1474301290E+05    3.3041413779E+03    1.6061844240E+04   -1.3090814332E+03    2.8968293561E+04    1.0558291804E+06

     1.1591309979E+01    0.0000000000E+00    0.0000000000E+00    0.0000000000E+00    1.8036279145E-02    4.6390751086E-02
     0.0000000000E+00    1.1591309979E+01    0.0000000000E+00   -1.8036279145E-02    0.0000000000E+00    0.0000000000E+00
     0.0000000000E+00    0.0000000000E+00    1.1591309979E+01   -4.6390751086E-02    0.0000000000E+00    0.0000000000E+00
     0.0000000000E+00   -1.8036279145E-02   -4.6390751086E-02    2.6276556265E-01    0.0000000000E+00    0.0000000000E+00
     1.8036279145E-02    0.0000000000E+00    0.0000000000E+00    0.0000000000E+00    1.7773347725E-01   -8.3140160656E-04
     4.6390751086E-02    0.0000000000E+00    0.0000000000E+00    0.0000000000E+00   -8.3140160656E-04    8.5032085408E-02

  0.1111111111
     2.4155466887E+08   -5.3607626279E+04    1.9709990596E+04   -1.2970052150E+05   -2.0172822787E+05   -1.2315332387E+06
    -5.3607626279E+04    1.7538236057E+07    4.1509658904E+06   -1.4792622054E+04    2.3418995906E+05    4.6880147474E+03
     1.9709990596E+04    4.1509658904E+06    1.0612375316E+07   -1.6723499507E+05    6.4085691873E+04    8.0277622444E+03
    -1.2970052150E+05   -1.4792622054E+04   -1.6723499507E+05    5.3790451648E+05    6.1734792382E+02   -3.5444300354E+02
    -2.0172822787E+05    2.3418995906E+05    6.4085691873E+04    6.1734792382E+02    4.4065318889E+06   -2.8854168491E+05
    -1.2315332387E+06    4.6880147474E+03    8.0277622444E+03   -3.5444300354E+02   -2.8854168491E+05    1.2972278922E+06

     1.2186270590E+01    0.0000000000E+00    0.0000000000E+00    0.0000000000E+00    4.5998256799E-02   -9.3356466580E-02
     0.0000000000E+00    1.2186270590E+01    0.0000000000E+00   -4.5998256799E-02    0.0000000000E+00    0.0000000000E+00
     0.0000000000E+00    0.0000000000E+00    1.2186270590E+01    9.3356466580E-02    0.0000000000E+00    0.0000000000E+00
     0.0000000000E+00   -4.5998256799E-02    9.3356466580E-02    3.3105488698E-01    0.0000000000E+00    0.0000000000E+00
     4.5998256799E-02    0.0000000000E+00    0.0000000000E+00    0.0000000000E+00    1.7113723390E-01   -3.8949110785E-02
    -9.3356466580E-02    0.0000000000E+00    0.0000000000E+00    0.0000000000E+00   -3.8949110785E-02    1.5991765308E-01

  0.122222222222
     2.4272850335E+08   -6.2315513909E+04    1.4251418868E+04   -1.3153451701E+05   -6.6036252255E+05   -5.8160733367E+05
    -6.2315513909E+04    1.8173325770E+07    4.6423816119E+06   -2.0236341375E+04    2.2223885573E+05    2.7501239492E+03
     1.4251418868E+04    4.6423816119E+06    1.0670231575E+07   -1.9473012258E+05    6.5245573095E+04    7.3034053655E+03
    -1.3153451701E+05   -2.0236341375E+04   -1.9473012258E+05    5.9604932273E+05    1.0343034669E+03   -1.0364720339E+03
    -6.6036252255E+05    2.2223885573E+05    6.5245573095E+04    1.0343034669E+03    4.5616088310E+06   -4.0532838618E+05
    -5.8160733367E+05    2.7501239492E+03    7.3034053655E+03   -1.0364720339E+03   -4.0532838618E+05    1.5181304443E+06

     1.2716364102E+01    0.0000000000E+00    0.0000000000E+00    0.0000000000E+00    6.1402739310E-02   -1.5864633005E-01
     0.0000000000E+00    1.2716364102E+01    0.0000000000E+00   -6.1402739310E-02    0.0000000000E+00    0.0000000000E+00
     0.0000000000E+00    0.0000000000E+00    1.2716364102E+01    1.5864633005E-01    0.0000000000E+00    0.0000000000E+00
     0.0000000000E+00   -6.1402739310E-02    1.5864633005E-01    3.9549320945E-01    0.0000000000E+00    0.0000000000E+00
     6.1402739310E-02    0.0000000000E+00    0.0000000000E+00    0.0000000000E+00    1.8577899276E-01   -5.6567687834E-02
    -1.5864633005E-01    0.0000000000E+00    0.0000000000E+00    0.0000000000E+00   -5.6567687834E-02    2.0971421669E-01

  0.133333333
     2.4269326017E+08   -5.8778437671E+04    2.8030522863E+04   -1.2866943827E+05   -5.2727367017E+05   -2.0416192879E+06
    -5.8778437671E+04    1.8811244103E+07    5.1280820159E+06   -3.5554121792E+04    2.0331156295E+05    1.3126349519E+03
     2.8030522863E+04    5.1280820159E+06    1.0545359765E+07   -2.4049902280E+05    6.4471733316E+04    4.9481488135E+03
    -1.2866943827E+05   -3.5554121792E+04   -2.4049902280E+05    6.4940562099E+05    9.1260481724E+02   -3.7469192656E+02
    -5.2727367017E+05    2.0331156295E+05    6.4471733316E+04    9.1260481724E+02    4.6028639958E+06   -5.5127630870E+05
    -2.0416192879E+06    1.3126349519E+03    4.9481488135E+03   -3.7469192656E+02   -5.5127630870E+05    1.8360548568E+06

     1.3289700633E+01    0.0000000000E+00    0.0000000000E+00    0.0000000000E+00    9.3613798643E-02   -2.8843294539E-01
     0.0000000000E+00    1.3289700633E+01    0.0000000000E+00   -9.3613798643E-02    0.0000000000E+00    0.0000000000E+00
     0.0000000000E+00    0.0000000000E+00    1.3289700633E+01    2.8843294539E-01    0.0000000000E+00    0.0000000000E+00
     0.0000000000E+00   -9.3613798643E-02    2.8843294539E-01    4.8050421616E-01    0.0000000000E+00    0.0000000000E+00
     9.3613798643E-02    0.0000000000E+00    0.0000000000E+00    0.0000000000E+00    2.0001101992E-01   -8.1583494626E-02
    -2.8843294539E-01    0.0000000000E+00    0.0000000000E+00    0.0000000000E+00   -8.1583494626E-02    2.8049319624E-01

  0.14444444444
     2.4911150823E+08   -2.3841492361E+04   -8.3157221339E+04   -1.4327506697E+05   -2.8152743253E+05   -3.0287461364E+06
    -2.3841492361E+04    1.9777618294E+07    5.8386567757E+06   -6.8128050146E+04    1.9264736617E+05    6.1293824766E+02
    -8.3157221339E+04    5.8386567757E+06    1.0411477749E+07   -8.3574923093E+04    6.2414355340E+04    8.9254113356E+03
    -1.4327506697E+05   -6.8128050146E+04   -8.3574923093E+04    7.0836405033E+05    1.0901991445E+03   -3.4628192687E+02
    -2.8152743253E+05    1.9264736617E+05    6.2414355340E+04    1.0901991445E+03    4.6331861080E+06   -7.3006933051E+05
    -3.0287461364E+06    6.1293824766E+02    8.9254113356E+03   -3.4628192687E+02   -7.3006933051E+05    2.3393706914E+06

     1.3953808724E+01    0.0000000000E+00    0.0000000000E+00    0.0000000000E+00    1.5247981496E-01   -4.8687988977E-01
     0.0000000000E+00    1.3953808724E+01    0.0000000000E+00   -1.5247981496E-01    0.0000000000E+00    0.0000000000E+00
     0.0000000000E+00    0.0000000000E+00    1.3953808724E+01    4.8687988977E-01    0.0000000000E+00    0.0000000000E+00
     0.0000000000E+00   -1.5247981496E-01    4.8687988977E-01    5.9561352513E-01    0.0000000000E+00    0.0000000000E+00
     1.5247981496E-01    0.0000000000E+00    0.0000000000E+00    0.0000000000E+00    2.1330788888E-01   -1.1695356735E-01
    -4.8687988977E-01    0.0000000000E+00    0.0000000000E+00    0.0000000000E+00   -1.1695356735E-01    3.8230563625E-01

  0.15555555556
     2.3934105227E+08    3.0810686576E+04    4.2608259182E+04   -1.1681841447E+05   -2.1014746930E+05   -3.2385488320E+06
     3.0810686576E+04    1.9434528658E+07    5.8091397105E+06   -1.0821019474E+05    1.4960707575E+05   -5.7534364510E+03
     4.2608259182E+04    5.8091397105E+06    9.8076042800E+06   -3.5018780936E+05    5.5591288343E+04    6.3287930939E+02
    -1.1681841447E+05   -1.0821019474E+05   -3.5018780936E+05    6.7233683861E+05    6.2763359698E+02   -4.7966120423E+02
    -2.1014746930E+05    1.4960707575E+05    5.5591288343E+04    6.2763359698E+02    4.2993527811E+06   -1.0295159472E+06
    -3.2385488320E+06   -5.7534364510E+03    6.3287930939E+02   -4.7966120423E+02   -1.0295159472E+06    2.7974288592E+06

     1.4396713815E+01    0.0000000000E+00    0.0000000000E+00    0.0000000000E+00    1.8108958240E-01   -6.1986347930E-01
     0.0000000000E+00    1.4396713815E+01    0.0000000000E+00   -1.8108958240E-01    0.0000000000E+00    0.0000000000E+00
     0.0000000000E+00    0.0000000000E+00    1.4396713815E+01    6.1986347930E-01    0.0000000000E+00    0.0000000000E+00
     0.0000000000E+00   -1.8108958240E-01    6.1986347930E-01    7.2671096689E-01    0.0000000000E+00    0.0000000000E+00
     1.8108958240E-01    0.0000000000E+00    0.0000000000E+00    0.0000000000E+00    2.1886204951E-01   -1.6285910774E-01
    -6.1986347930E-01    0.0000000000E+00    0.0000000000E+00    0.0000000000E+00   -1.6285910774E-01    5.0784891738E-01

  0.1666666666666667
     2.3788358635E+08    4.8617857752E+04    4.4552591371E+04   -1.1747280943E+05    4.4276467362E+04   -3.6738740568E+06
     4.8617857752E+04    1.9670506588E+07    5.8550735481E+06   -1.1668114856E+05    1.3022448224E+05   -1.7005742577E+03
     4.4552591371E+04    5.8550735481E+06    9.8268220444E+06   -4.0374987544E+05    4.9415167521E+04    1.7707781100E+03
    -1.1747280943E+05   -1.1668114856E+05   -4.0374987544E+05    7.4073682113E+05    6.9185923101E+02   -9.0800053376E+02
     4.4276467362E+04    1.3022448224E+05    4.9415167521E+04    6.9185923101E+02    4.3884438805E+06   -1.1599744615E+06
    -3.6738740568E+06   -1.7005742577E+03    1.7707781100E+03   -9.0800053376E+02   -1.1599744615E+06    3.5718228326E+06

     1.5119471213E+01    0.0000000000E+00    0.0000000000E+00    0.0000000000E+00    2.4028779372E-01   -8.4901007091E-01
     0.0000000000E+00    1.5119471213E+01    0.0000000000E+00   -2.4028779372E-01    0.0000000000E+00    0.0000000000E+00
     0.0000000000E+00    0.0000000000E+00    1.5119471213E+01    8.4901007091E-01    0.0000000000E+00    0.0000000000E+00
     0.0000000000E+00   -2.4028779372E-01    8.4901007091E-01    9.3271820859E-01    0.0000000000E+00    0.0000000000E+00
     2.4028779372E-01    0.0000000000E+00    0.0000000000E+00    0.0000000000E+00    2.4418894087E-01   -2.1523443895E-01
    -8.4901007091E-01    0.0000000000E+00    0.0000000000E+00    0.0000000000E+00   -2.1523443895E-01    6.8852926772E-01

  0.17777777777778
     2.4851848517E+08   -2.6625024413E+04    4.5996429163E+04   -1.1953226590E+05   -1.1012152743E+06   -5.2757696747E+06
    -2.6625024413E+04    2.1079135595E+07    6.3037159507E+06   -2.1126564048E+04    1.3573471347E+05   -1.6104179558E+03
     4.5996429163E+04    6.3037159507E+06    9.6757310626E+06   -4.4038914288E+05    5.0481483792E+04    4.8101593562E+02
    -1.1953226590E+05   -2.1126564048E+04   -4.4038914288E+05    7.6801262621E+05    2.1494974482E+03   -4.4714117731E+02
    -1.1012152743E+06    1.3573471347E+05    5.0481483792E+04    2.1494974482E+03    4.5966634531E+06   -1.3638639548E+06
    -5.2757696747E+06   -1.6104179558E+03    4.8101593562E+02   -4.4714117731E+02   -1.3638639548E+06    4.2588486567E+06

     1.5854147468E+01    0.0000000000E+00    0.0000000000E+00    0.0000000000E+00    2.4885291200E-01   -1.0312822917E+00
     0.0000000000E+00    1.5854147468E+01    0.0000000000E+00   -2.4885291200E-01    0.0000000000E+00    0.0000000000E+00
     0.0000000000E+00    0.0000000000E+00    1.5854147468E+01    1.0312822917E+00    0.0000000000E+00    0.0000000000E+00
     0.0000000000E+00   -2.4885291200E-01    1.0312822917E+00    1.1042892765E+00    0.0000000000E+00    0.0000000000E+00
     2.4885291200E-01    0.0000000000E+00    0.0000000000E+00    0.0000000000E+00    2.6410168480E-01   -2.6036383283E-01
    -1.0312822917E+00    0.0000000000E+00    0.0000000000E+00    0.0000000000E+00   -2.6036383283E-01    8.4018759170E-01

  0.1888888888888889
     2.3137457244E+08   -2.1417146196E+04    1.1956475870E+04   -1.0423409274E+05   -1.6859034672E+06   -5.0272206220E+06
    -2.1417146196E+04    2.0309101347E+07    5.9231382801E+06   -1.1482719686E+04    1.0009028709E+05    2.5749541988E+03
     1.1956475870E+04    5.9231382801E+06    9.1546207875E+06   -4.5298967141E+05    3.8108901639E+04    1.7992829390E+03
    -1.0423409274E+05   -1.1482719686E+04   -4.5298967141E+05    7.2839996218E+05    2.0346478979E+03   -9.0108327313E+02
    -1.6859034672E+06    1.0009028709E+05    3.8108901639E+04    2.0346478979E+03    4.0304805167E+06   -1.4307128984E+06
    -5.0272206220E+06    2.5749541988E+03    1.7992829390E+03   -9.0108327313E+02   -1.4307128984E+06    4.8990714349E+06

     1.5979292762E+01    0.0000000000E+00    0.0000000000E+00    0.0000000000E+00    2.7634226093E-01   -1.2434628190E+00
     0.0000000000E+00    1.5979292762E+01    0.0000000000E+00   -2.7634226093E-01    0.0000000000E+00    0.0000000000E+00
     0.0000000000E+00    0.0000000000E+00    1.5979292762E+01    1.2434628190E+00    0.0000000000E+00    0.0000000000E+00
     0.0000000000E+00   -2.7634226093E-01    1.2434628190E+00    1.2884053167E+00    0.0000000000E+00    0.0000000000E+00
     2.7634226093E-01    0.0000000000E+00    0.0000000000E+00    0.0000000000E+00    2.6252120849E-01   -3.1100080731E-01
    -1.2434628190E+00    0.0000000000E+00    0.0000000000E+00    0.0000000000E+00   -3.1100080731E-01    1.0258841082E+00

  0.2
     2.3819648057E+08   -1.5604074735E+04    3.6923600826E+04   -9.9229286489E+04   -1.3866027362E+06   -6.8444148910E+06
    -1.5604074735E+04    2.1172672974E+07    6.2338222880E+06   -3.0106960709E+03    9.8440819937E+04   -9.2846470554E+02
     3.6923600826E+04    6.2338222880E+06    8.5165242361E+06   -4.6412045359E+05    3.8384300131E+04   -6.6674607880E+02
    -9.9229286489E+04   -3.0106960709E+03   -4.6412045359E+05    6.3627375212E+05    2.0026022783E+03   -4.1009666291E+02
    -1.3866027362E+06    9.8440819937E+04    3.8384300131E+04    2.0026022783E+03    3.7276177128E+06   -1.6538326395E+06
    -6.8444148910E+06   -9.2846470554E+02   -6.6674607880E+02   -4.1009666291E+02   -1.6538326395E+06    5.4411033153E+06

     1.6280375651E+01    0.0000000000E+00    0.0000000000E+00    0.0000000000E+00    3.0596384956E-01   -1.4213370400E+00
     0.0000000000E+00    1.6280375651E+01    0.0000000000E+00   -3.0596384956E-01    0.0000000000E+00    0.0000000000E+00
     0.0000000000E+00    0.0000000000E+00    1.6280375651E+01    1.4213370400E+00    0.0000000000E+00    0.0000000000E+00
     0.0000000000E+00   -3.0596384956E-01    1.4213370400E+00    1.3962746693E+00    0.0000000000E+00    0.0000000000E+00
     3.0596384956E-01    0.0000000000E+00    0.0000000000E+00    0.0000000000E+00    2.5078807405E-01   -3.4363044406E-01
    -1.4213370400E+00    0.0000000000E+00    0.0000000000E+00    0.0000000000E+00   -3.4363044406E-01    1.1454865952E+00

  0.2111111111111
     2.3444652357E+08   -1.4628239141E+04    3.5411117597E+04   -9.6022616660E+04   -1.4112321063E+06   -6.6128514590E+06
    -1.4628239141E+04    2.0962264775E+07    5.9867442849E+06   -7.5063060675E+03    9.5637268154E+04   -1.8960491747E+03
     3.5411117597E+04    5.9867442849E+06    8.2513466580E+06   -4.4744302384E+05    3.6789744437E+04   -9.3220849631E+02
    -9.6022616660E+04   -7.5063060675E+03   -4.4744302384E+05    6.0573971492E+05    1.9170570245E+03   -4.1076878147E+02
    -1.4112321063E+06    9.5637268154E+04    3.6789744437E+04    1.9170570245E+03    3.5204223895E+06   -1.5598602743E+06
    -6.6128514590E+06   -1.8960491747E+03   -9.3220849631E+02   -4.1076878147E+02   -1.5598602743E+06    5.2182604671E+06

     1.6017986746E+01    0.0000000000E+00    0.0000000000E+00    0.0000000000E+00    2.8253645492E-01   -1.3795759854E+00
     0.0000000000E+00    1.6017986746E+01    0.0000000000E+00   -2.8253645492E-01    0.0000000000E+00    0.0000000000E+00
     0.0000000000E+00    0.0000000000E+00    1.6017986746E+01    1.3795759854E+00    0.0000000000E+00    0.0000000000E+00
     0.0000000000E+00   -2.8253645492E-01    1.3795759854E+00    1.3309927198E+00    0.0000000000E+00    0.0000000000E+00
     2.8253645492E-01    0.0000000000E+00    0.0000000000E+00    0.0000000000E+00    2.3236153417E-01   -3.1879506374E-01
    -1.3795759854E+00    0.0000000000E+00    0.0000000000E+00    0.0000000000E+00   -3.1879506374E-01    1.0986311857E+00

  0.2222222222222
     2.2459968465E+08    1.5199290641E+04    5.0567817646E+04   -9.0322631523E+04   -5.0305997099E+05   -6.6703080538E+06
     1.5199290641E+04    2.0633799762E+07    5.6894082537E+06   -2.5554054511E+04    8.8771077081E+04   -2.0067451046E+03
     5.0567817646E+04    5.6894082537E+06    7.9527988799E+06   -4.3962012924E+05    3.3240358887E+04   -1.1571623621E+03
    -9.0322631523E+04   -2.5554054511E+04   -4.3962012924E+05    5.7553967634E+05    1.3602322319E+03   -2.3688014058E+02
    -5.0305997099E+05    8.8771077081E+04    3.3240358887E+04    1.3602322319E+03    3.1823233956E+06   -1.4260652139E+06
    -6.6703080538E+06   -2.0067451046E+03   -1.1571623621E+03   -2.3688014058E+02   -1.4260652139E+06    4.9841721212E+06

     1.5629850142E+01    0.0000000000E+00    0.0000000000E+00    0.0000000000E+00    2.7969663319E-01   -1.3440922820E+00
     0.0000000000E+00    1.5629850142E+01    0.0000000000E+00   -2.7969663319E-01    0.0000000000E+00    0.0000000000E+00
     0.0000000000E+00    0.0000000000E+00    1.5629850142E+01    1.3440922820E+00    0.0000000000E+00    0.0000000000E+00
     0.0000000000E+00   -2.7969663319E-01    1.3440922820E+00    1.2646230957E+00    0.0000000000E+00    0.0000000000E+00
     2.7969663319E-01    0.0000000000E+00    0.0000000000E+00    0.0000000000E+00    2.1247594583E-01   -2.9460622008E-01
    -1.3440922820E+00    0.0000000000E+00    0.0000000000E+00    0.0000000000E+00   -2.9460622008E-01    1.0521471498E+00

  0.24444444444444444
     1.9326272297E+08   -7.4897961592E+04    1.1480416075E+04   -7.4437909244E+04   -1.5631717269E+06   -5.3684931314E+06
    -7.4897961592E+04    1.9430863710E+07    4.7459047727E+06    6.7335690979E+04    6.7348888754E+04    1.2257814588E+04
     1.1480416075E+04    4.7459047727E+06    7.1590296348E+06   -3.8729655798E+05    1.7052762800E+04    2.5082477014E+03
    -7.4437909244E+04    6.7335690979E+04   -3.8729655798E+05    5.0446005074E+05    1.5037594888E+03   -3.6612236652E+02
    -1.5631717269E+06    6.7348888754E+04    1.7052762800E+04    1.5037594888E+03    2.2674689988E+06   -8.6652034223E+05
    -5.3684931314E+06    1.2257814588E+04    2.5082477014E+03   -3.6612236652E+02   -8.6652034223E+05    4.3195210996E+06

     1.4510580930E+01    0.0000000000E+00    0.0000000000E+00    0.0000000000E+00    2.0661012474E-01   -1.1952521553E+00
     0.0000000000E+00    1.4510580930E+01    0.0000000000E+00   -2.0661012474E-01    0.0000000000E+00    0.0000000000E+00
     0.0000000000E+00    0.0000000000E+00    1.4510580930E+01    1.1952521553E+00    0.0000000000E+00    0.0000000000E+00
     0.0000000000E+00   -2.0661012474E-01    1.1952521553E+00    1.0939125195E+00    0.0000000000E+00    0.0000000000E+00
     2.0661012474E-01    0.0000000000E+00    0.0000000000E+00    0.0000000000E+00    1.7031006652E-01   -2.4092624809E-01
    -1.1952521553E+00    0.0000000000E+00    0.0000000000E+00    0.0000000000E+00   -2.4092624809E-01    9.2360245299E-01

  0.26666667
     2.0118505056E+08    3.3931127073E+04    5.4128838162E+04   -7.1608450241E+04   -3.3451536636E+04   -5.9825279187E+06
     3.3931127073E+04    1.9656855666E+07    4.7615494221E+06   -3.1221477227E+04    7.0379469458E+04   -4.4715378851E+03
     5.4128838162E+04    4.7615494221E+06    6.5139887397E+06   -3.4393495690E+05    2.4578699245E+04   -2.1545343648E+03
    -7.1608450241E+04   -3.1221477227E+04   -3.4393495690E+05    4.1459920544E+05    8.0141871502E+02   -1.3219728792E+02
    -3.3451536636E+04    7.0379469458E+04    2.4578699245E+04    8.0141871502E+02    2.1154054803E+06   -1.0683463309E+06
    -5.9825279187E+06   -4.4715378851E+03   -2.1545343648E+03   -1.3219728792E+02   -1.0683463309E+06    4.1118018979E+06

     1.4281879167E+01    0.0000000000E+00    0.0000000000E+00    0.0000000000E+00    2.1678834525E-01   -1.1874728661E+00
     0.0000000000E+00    1.4281879167E+01    0.0000000000E+00   -2.1678834525E-01    0.0000000000E+00    0.0000000000E+00
     0.0000000000E+00    0.0000000000E+00    1.4281879167E+01    1.1874728661E+00    0.0000000000E+00    0.0000000000E+00
     0.0000000000E+00   -2.1678834525E-01    1.1874728661E+00    1.0117059263E+00    0.0000000000E+00    0.0000000000E+00
     2.1678834525E-01    0.0000000000E+00    0.0000000000E+00    0.0000000000E+00    1.3982318316E-01   -2.1148816259E-01
    -1.1874728661E+00    0.0000000000E+00    0.0000000000E+00    0.0000000000E+00   -2.1148816259E-01    8.7188274315E-01

  0.28888888889
     1.8485659196E+08   -2.8593817652E+04    1.7283328329E+04   -6.6279080315E+04   -1.1738910154E+06   -4.7590446628E+06
    -2.8593817652E+04    1.8578378753E+07    4.1874599840E+06   -1.1977853991E+03    6.1793806461E+04   -1.0898663740E+03
     1.7283328329E+04    4.1874599840E+06    6.5924693532E+06   -3.4455975154E+05    2.0235809858E+04   -4.3512328794E+02
    -6.6279080315E+04   -1.1977853991E+03   -3.4455975154E+05    4.1981128892E+05    1.3181059666E+03   -3.9685517557E+02
    -1.1738910154E+06    6.1793806461E+04    2.0235809858E+04    1.3181059666E+03    1.9979674267E+06   -8.8384416213E+05
    -4.7590446628E+06   -1.0898663740E+03   -4.3512328794E+02   -3.9685517557E+02   -8.8384416213E+05    3.7534878763E+06

     1.3776239680E+01    0.0000000000E+00    0.0000000000E+00    0.0000000000E+00    1.6298296210E-01   -1.0989761722E+00
     0.0000000000E+00    1.3776239680E+01    0.0000000000E+00   -1.6298296210E-01    0.0000000000E+00    0.0000000000E+00
     0.0000000000E+00    0.0000000000E+00    1.3776239680E+01    1.0989761722E+00    0.0000000000E+00    0.0000000000E+00
     0.0000000000E+00   -1.6298296210E-01    1.0989761722E+00    9.3916441530E-01    0.0000000000E+00    0.0000000000E+00
     1.6298296210E-01    0.0000000000E+00    0.0000000000E+00    0.0000000000E+00    1.3121352169E-01   -1.8441546043E-01
    -1.0989761722E+00    0.0000000000E+00    0.0000000000E+00    0.0000000000E+00   -1.8441546043E-01    8.0795089361E-01

  0.3111111111
     1.8459779728E+08   -9.6448505949E+04   -9.9043805180E+03   -6.4259160079E+04   -2.9910371576E+06   -4.0953758083E+06
    -9.6448505949E+04    1.8222768015E+07    3.9184299946E+06    2.4594046517E+04    6.2020072802E+04   -3.2758225899E+03
    -9.9043805180E+03    3.9184299946E+06    6.2995656168E+06   -3.1126511273E+05    2.0951446757E+04   -6.8750489943E+02
    -6.4259160079E+04    2.4594046517E+04   -3.1126511273E+05    3.8039493026E+05    1.9668981320E+03   -5.5278641003E+02
    -2.9910371576E+06    6.2020072802E+04    2.0951446757E+04    1.9668981320E+03    1.9174606584E+06   -8.4015097937E+05
    -4.0953758083E+06   -3.2758225899E+03   -6.8750489943E+02   -5.5278641003E+02   -8.4015097937E+05    3.4543281142E+06

     1.3452887475E+01    0.0000000000E+00    0.0000000000E+00    0.0000000000E+00    1.0128338275E-01   -1.0267597281E+00
     0.0000000000E+00    1.3452887475E+01    0.0000000000E+00   -1.0128338275E-01    0.0000000000E+00    0.0000000000E+00
     0.0000000000E+00    0.0000000000E+00    1.3452887475E+01    1.0267597281E+00    0.0000000000E+00    0.0000000000E+00
     0.0000000000E+00   -1.0128338275E-01    1.0267597281E+00    8.5705127652E-01    0.0000000000E+00    0.0000000000E+00
     1.0128338275E-01    0.0000000000E+00    0.0000000000E+00    0.0000000000E+00    1.1701685046E-01   -1.6023732503E-01
    -1.0267597281E+00    0.0000000000E+00    0.0000000000E+00    0.0000000000E+00   -1.6023732503E-01    7.4003442606E-01

  0.333333333333333
     1.5779883158E+08    7.2108051030E+03    3.2693860494E+04   -5.1045721845E+04   -3.4935395781E+05   -4.5188197010E+06
     7.2108051030E+03    1.7330236322E+07    3.4731194985E+06   -2.3693347282E+04    4.6691023436E+04   -1.3190898037E+03
     3.2693860494E+04    3.4731194985E+06    5.8687998761E+06   -3.0710196846E+05    1.5282512663E+04   -9.9896821813E+02
    -5.1045721845E+04   -2.3693347282E+04   -3.0710196846E+05    3.4077845113E+05    5.4081277124E+02   -3.0956361175E+01
    -3.4935395781E+05    4.6691023436E+04    1.5282512663E+04    5.4081277124E+02    1.4175822523E+06   -6.5106552006E+05
    -4.5188197010E+06   -1.3190898037E+03   -9.9896821813E+02   -3.0956361175E+01   -6.5106552006E+05    3.1090013891E+06

     1.2619644215E+01    0.0000000000E+00    0.0000000000E+00    0.0000000000E+00    1.3069743948E-01   -9.7753663071E-01
     0.0000000000E+00    1.2619644215E+01    0.0000000000E+00   -1.3069743948E-01    0.0000000000E+00    0.0000000000E+00
     0.0000000000E+00    0.0000000000E+00    1.2619644215E+01    9.7753663071E-01    0.0000000000E+00    0.0000000000E+00
     0.0000000000E+00   -1.3069743948E-01    9.7753663071E-01    7.7220588235E-01    0.0000000000E+00    0.0000000000E+00
     1.3069743948E-01    0.0000000000E+00    0.0000000000E+00    0.0000000000E+00    9.6765898145E-02   -1.3661514168E-01
    -9.7753663071E-01    0.0000000000E+00    0.0000000000E+00    0.0000000000E+00   -1.3661514168E-01    6.7543998420E-01

  0.35555555555556
     1.4502575227E+08    1.7982679566E+04    2.9775284157E+04   -4.5187135660E+04   -8.7452460570E+04   -4.0550865010E+06
     1.7982679566E+04    1.6735428638E+07    3.1704847723E+06   -3.2205053552E+04    4.0844065166E+04   -1.4533635771E+03
     2.9775284157E+04    3.1704847723E+06    5.6114314686E+06   -2.8804528014E+05    1.2972898362E+04   -8.7593526317E+02
    -4.5187135660E+04   -3.2205053552E+04   -2.8804528014E+05    3.0685464964E+05    3.6197117472E+02   -5.3625773884E+01
    -8.7452460570E+04    4.0844065166E+04    1.2972898362E+04    3.6197117472E+02    1.1944609184E+06   -5.5995180519E+05
    -4.0550865010E+06   -1.4533635771E+03   -8.7593526317E+02   -5.3625773884E+01   -5.5995180519E+05    2.8149525898E+06

     1.2022480493E+01    0.0000000000E+00    0.0000000000E+00    0.0000000000E+00    1.1550701767E-01   -9.0106395608E-01
     0.0000000000E+00    1.2022480493E+01    0.0000000000E+00   -1.1550701767E-01    0.0000000000E+00    0.0000000000E+00
     0.0000000000E+00    0.0000000000E+00    1.2022480493E+01    9.0106395608E-01    0.0000000000E+00    0.0000000000E+00
     0.0000000000E+00   -1.1550701767E-01    9.0106395608E-01    6.9161206385E-01    0.0000000000E+00    0.0000000000E+00
     1.1550701767E-01    0.0000000000E+00    0.0000000000E+00    0.0000000000E+00    8.2959463265E-02   -1.1632195941E-01
    -9.0106395608E-01    0.0000000000E+00    0.0000000000E+00    0.0000000000E+00   -1.1632195941E-01    6.0865260059E-01

  0.37777777778
     1.3313941222E+08    1.5800023113E+04    3.8552757980E+04   -3.8521901824E+04    1.2970297438E+05   -3.9627678809E+06
     1.5800023113E+04    1.6130307583E+07    2.5791120980E+06   -1.2971004649E+04    3.3178124893E+04    5.2758113684E+03
     3.8552757980E+04    2.5791120980E+06    5.1052012356E+06   -2.7003457605E+05    6.1648598388E+03   -1.0169794281E+02
    -3.8521901824E+04   -1.2971004649E+04   -2.7003457605E+05    2.7423378414E+05   -2.5645189962E+01    5.9212028152E+01
     1.2970297438E+05    3.3178124893E+04    6.1648598388E+03   -2.5645189962E+01    9.2475038813E+05   -3.5046620233E+05
    -3.9627678809E+06    5.2758113684E+03   -1.0169794281E+02    5.9212028152E+01   -3.5046620233E+05    2.5618177070E+06

     1.1472111170E+01    0.0000000000E+00    0.0000000000E+00    0.0000000000E+00    9.7185238510E-02   -8.3793398083E-01
     0.0000000000E+00    1.1472111170E+01    0.0000000000E+00   -9.7185238510E-02    0.0000000000E+00    0.0000000000E+00
     0.0000000000E+00    0.0000000000E+00    1.1472111170E+01    8.3793398083E-01    0.0000000000E+00    0.0000000000E+00
     0.0000000000E+00   -9.7185238510E-02    8.3793398083E-01    6.1828335846E-01    0.0000000000E+00    0.0000000000E+00
     9.7185238510E-02    0.0000000000E+00    0.0000000000E+00    0.0000000000E+00    6.9823481156E-02   -9.6653802257E-02
    -8.3793398083E-01    0.0000000000E+00    0.0000000000E+00    0.0000000000E+00   -9.6653802257E-02    5.4845987730E-01

  0.4
     1.4343117548E+08    1.1524329384E+04    4.3938860055E+04   -4.3184249084E+04   -8.2914928823E+04   -3.8207264651E+06
     1.1524329384E+04    1.6363316123E+07    2.6923507700E+06   -1.6836752480E+04    4.0660135342E+04    1.2838838757E+03
     4.3938860055E+04    2.6923507700E+06    4.9974412677E+06   -2.4939801149E+05    9.6663823888E+03   -6.6526256856E+02
    -4.3184249084E+04   -1.6836752480E+04   -2.4939801149E+05    2.4950338018E+05    2.5299827926E+02   -7.3508164828E+01
    -8.2914928823E+04    4.0660135342E+04    9.6663823888E+03    2.5299827926E+02    9.7222467510E+05   -3.8033146509E+05
