 ------- BEAMDYN V1.00.* INDIVIDUAL BLADE INPUT FILE --------------------------
 Test Format 1
 ---------------------- BLADE PARAMETERS --------------------------------------
9         station_total    - Number of blade input stations (-)
 1   format_index     - Format index: 1-6 by 6 matrices; 2-sectional properties
 ---------------------- DISTRIBUTED PROPERTIES---------------------------------
 0.0
     3.7098678342E+09   -3.2476752368E+04   -3.1479374575E+04   -3.0408791094E+05   -2.3417526943E+05   -3.0463398719E+05
    -3.2476752368E+04    1.4889517924E+08    1.1733154204E+07    9.2675624226E+03    2.9246166548E+05   -8.5646028337E+02
    -3.1479374575E+04    1.1733154204E+07    1.2011184896E+08    9.1632234252E+03    1.8154076214E+04    2.7869569781E+04
    -3.0408791094E+05    9.2675624226E+03    9.1632234252E+03    5.8491025790E+06    6.3374425504E+02    7.8097150319E+02
    -2.3417526943E+05    2.9246166548E+05    1.8154076214E+04    6.3374425504E+02    4.4952275521E+07    4.5403745943E+05
    -3.0463398719E+05   -8.5646028337E+02    2.7869569781E+04    7.8097150319E+02    4.5403745943E+05    4.1798982390E+07

     1.6161096052E+02    0.0000000000E+00    0.0000000000E+00    0.0000000000E+00   -9.1574225451E-04   -1.6515910311E-03
     0.0000000000E+00    1.6161096052E+02    0.0000000000E+00    9.1574225451E-04    0.0000000000E+00    0.0000000000E+00
     0.0000000000E+00    0.0000000000E+00    1.6161096052E+02    1.6515910311E-03    0.0000000000E+00    0.0000000000E+00
     0.0000000000E+00    9.1574225451E-04    1.6515910311E-03    3.8419953763E+00    0.0000000000E+00    0.0000000000E+00
    -9.1574225451E-04    0.0000000000E+00    0.0000000000E+00    0.0000000000E+00    1.9457297932E+00    2.3674524165E-02
    -1.6515910311E-03    0.0000000000E+00    0.0000000000E+00    0.0000000000E+00    2.3674524165E-02    1.8962655831E+00
    
0.1111111111
     2.4155466887E+08   -5.3607626279E+04    1.9709990596E+04   -1.2970052150E+05   -2.0172822787E+05   -1.2315332387E+06
    -5.3607626279E+04    1.7538236057E+07    4.1509658904E+06   -1.4792622054E+04    2.3418995906E+05    4.6880147474E+03
     1.9709990596E+04    4.1509658904E+06    1.0612375316E+07   -1.6723499507E+05    6.4085691873E+04    8.0277622444E+03
    -1.2970052150E+05   -1.4792622054E+04   -1.6723499507E+05    5.3790451648E+05    6.1734792382E+02   -3.5444300354E+02
    -2.0172822787E+05    2.3418995906E+05    6.4085691873E+04    6.1734792382E+02    4.4065318889E+06   -2.8854168491E+05
    -1.2315332387E+06    4.6880147474E+03    8.0277622444E+03   -3.5444300354E+02   -2.8854168491E+05    1.2972278922E+06

     1.2186270590E+01    0.0000000000E+00    0.0000000000E+00    0.0000000000E+00    4.5998256799E-02   -9.3356466580E-02
     0.0000000000E+00    1.2186270590E+01    0.0000000000E+00   -4.5998256799E-02    0.0000000000E+00    0.0000000000E+00
     0.0000000000E+00    0.0000000000E+00    1.2186270590E+01    9.3356466580E-02    0.0000000000E+00    0.0000000000E+00
     0.0000000000E+00   -4.5998256799E-02    9.3356466580E-02    3.3105488698E-01    0.0000000000E+00    0.0000000000E+00
     4.5998256799E-02    0.0000000000E+00    0.0000000000E+00    0.0000000000E+00    1.7113723390E-01   -3.8949110785E-02
    -9.3356466580E-02    0.0000000000E+00    0.0000000000E+00    0.0000000000E+00   -3.8949110785E-02    1.5991765308E-01
    
0.2
     2.3819648057E+08   -1.5604074735E+04    3.6923600826E+04   -9.9229286489E+04   -1.3866027362E+06   -6.8444148910E+06
    -1.5604074735E+04    2.1172672974E+07    6.2338222880E+06   -3.0106960709E+03    9.8440819937E+04   -9.2846470554E+02
     3.6923600826E+04    6.2338222880E+06    8.5165242361E+06   -4.6412045359E+05    3.8384300131E+04   -6.6674607880E+02
    -9.9229286489E+04   -3.0106960709E+03   -4.6412045359E+05    6.3627375212E+05    2.0026022783E+03   -4.1009666291E+02
    -1.3866027362E+06    9.8440819937E+04    3.8384300131E+04    2.0026022783E+03    3.7276177128E+06   -1.6538326395E+06
    -6.8444148910E+06   -9.2846470554E+02   -6.6674607880E+02   -4.1009666291E+02   -1.6538326395E+06    5.4411033153E+06

     1.6280375651E+01    0.0000000000E+00    0.0000000000E+00    0.0000000000E+00    3.0596384956E-01   -1.4213370400E+00
     0.0000000000E+00    1.6280375651E+01    0.0000000000E+00   -3.0596384956E-01    0.0000000000E+00    0.0000000000E+00
     0.0000000000E+00    0.0000000000E+00    1.6280375651E+01    1.4213370400E+00    0.0000000000E+00    0.0000000000E+00
     0.0000000000E+00   -3.0596384956E-01    1.4213370400E+00    1.3962746693E+00    0.0000000000E+00    0.0000000000E+00
     3.0596384956E-01    0.0000000000E+00    0.0000000000E+00    0.0000000000E+00    2.5078807405E-01   -3.4363044406E-01
    -1.4213370400E+00    0.0000000000E+00    0.0000000000E+00    0.0000000000E+00   -3.4363044406E-01    1.1454865952E+00
    
0.3111111111
     1.8459779728E+08   -9.6448505949E+04   -9.9043805180E+03   -6.4259160079E+04   -2.9910371576E+06   -4.0953758083E+06
    -9.6448505949E+04    1.8222768015E+07    3.9184299946E+06    2.4594046517E+04    6.2020072802E+04   -3.2758225899E+03
    -9.9043805180E+03    3.9184299946E+06    6.2995656168E+06   -3.1126511273E+05    2.0951446757E+04   -6.8750489943E+02
    -6.4259160079E+04    2.4594046517E+04   -3.1126511273E+05    3.8039493026E+05    1.9668981320E+03   -5.5278641003E+02
    -2.9910371576E+06    6.2020072802E+04    2.0951446757E+04    1.9668981320E+03    1.9174606584E+06   -8.4015097937E+05
    -4.0953758083E+06   -3.2758225899E+03   -6.8750489943E+02   -5.5278641003E+02   -8.4015097937E+05    3.4543281142E+06
    
    1.3452887475E+01    0.0000000000E+00    0.0000000000E+00    0.0000000000E+00    1.0128338275E-01   -1.0267597281E+00
     0.0000000000E+00    1.3452887475E+01    0.0000000000E+00   -1.0128338275E-01    0.0000000000E+00    0.0000000000E+00
     0.0000000000E+00    0.0000000000E+00    1.3452887475E+01    1.0267597281E+00    0.0000000000E+00    0.0000000000E+00
     0.0000000000E+00   -1.0128338275E-01    1.0267597281E+00    8.5705127652E-01    0.0000000000E+00    0.0000000000E+00
     1.0128338275E-01    0.0000000000E+00    0.0000000000E+00    0.0000000000E+00    1.1701685046E-01   -1.6023732503E-01
    -1.0267597281E+00    0.0000000000E+00    0.0000000000E+00    0.0000000000E+00   -1.6023732503E-01    7.4003442606E-01
    
0.4
     1.4343117548E+08    1.1524329384E+04    4.3938860055E+04   -4.3184249084E+04   -8.2914928823E+04   -3.8207264651E+06
     1.1524329384E+04    1.6363316123E+07    2.6923507700E+06   -1.6836752480E+04    4.0660135342E+04    1.2838838757E+03
     4.3938860055E+04    2.6923507700E+06    4.9974412677E+06   -2.4939801149E+05    9.6663823888E+03   -6.6526256856E+02
    -4.3184249084E+04   -1.6836752480E+04   -2.4939801149E+05    2.4950338018E+05    2.5299827926E+02   -7.3508164828E+01
    -8.2914928823E+04    4.0660135342E+04    9.6663823888E+03    2.5299827926E+02    9.7222467510E+05   -3.8033146509E+05
    -3.8207264651E+06    1.2838838757E+03   -6.6526256856E+02   -7.3508164828E+01   -3.8033146509E+05    2.3764023531E+06
    
      1.1349855094E+01    0.0000000000E+00    0.0000000000E+00    0.0000000000E+00    8.5862975232E-02   -7.9323075068E-01
     0.0000000000E+00    1.1349855094E+01    0.0000000000E+00   -8.5862975232E-02    0.0000000000E+00    0.0000000000E+00
     0.0000000000E+00    0.0000000000E+00    1.1349855094E+01    7.9323075068E-01    0.0000000000E+00    0.0000000000E+00
     0.0000000000E+00   -8.5862975232E-02    7.9323075068E-01    5.6413126657E-01    0.0000000000E+00    0.0000000000E+00
     8.5862975232E-02    0.0000000000E+00    0.0000000000E+00    0.0000000000E+00    6.3521386480E-02   -8.4507236074E-02
    -7.9323075068E-01    0.0000000000E+00    0.0000000000E+00    0.0000000000E+00   -8.4507236074E-02    5.0060988009E-01
    
0.5111111111111
     8.9079435845E+07   -1.6633398916E+04   -1.2102617839E+04   -2.0618393645E+04   -4.7504482860E+05   -1.7602254519E+06
    -1.6633398916E+04    1.2053823238E+07    1.3460804451E+06    8.4353388800E+03    1.6723158010E+04    7.4916303246E+02
    -1.2102617839E+04    1.3460804451E+06    3.8168962853E+06   -1.4564951446E+05    3.1068587045E+03   -5.1461162241E+01
    -2.0618393645E+04    8.4353388800E+03   -1.4564951446E+05    1.2928375260E+05    2.7126001510E+02   -2.1784419190E+02
    -4.7504482860E+05    1.6723158010E+04    3.1068587045E+03    2.7126001510E+02    3.8458342782E+05   -1.6508372077E+05
    -1.7602254519E+06    7.4916303246E+02   -5.1461162241E+01   -2.1784419190E+02   -1.6508372077E+05    1.3542604196E+06

     8.8004391246E+00    0.0000000000E+00    0.0000000000E+00    0.0000000000E+00    3.6691060733E-02   -5.4708220328E-01
     0.0000000000E+00    8.8004391246E+00    0.0000000000E+00   -3.6691060733E-02    0.0000000000E+00    0.0000000000E+00
     0.0000000000E+00    0.0000000000E+00    8.8004391246E+00    5.4708220328E-01    0.0000000000E+00    0.0000000000E+00
     0.0000000000E+00   -3.6691060733E-02    5.4708220328E-01    3.2213586226E-01    0.0000000000E+00    0.0000000000E+00
     3.6691060733E-02    0.0000000000E+00    0.0000000000E+00    0.0000000000E+00    2.8375659226E-02   -3.7046462263E-02
    -5.4708220328E-01    0.0000000000E+00    0.0000000000E+00    0.0000000000E+00   -3.7046462263E-02    2.9376020303E-01
    
0.8
     4.0205032440E+07    1.1740623301E+04    6.1032527438E+03   -2.4248396465E+03    1.0512996452E+05   -3.5813103085E+05
     1.1740623301E+04    5.5081989262E+06    2.1524767674E+05   -1.5280253019E+04    2.6505671836E+03   -5.9215206569E+02
     6.1032527438E+03    2.1524767674E+05    2.3329850176E+05   -5.5461002612E+03    7.9737673531E+01    1.3197353487E+02
    -2.4248396465E+03   -1.5280253019E+04   -5.5461002612E+03    8.3124298747E+03   -1.1293625719E+01   -2.0423953204E+01
     1.0512996452E+05    2.6505671836E+03    7.9737673531E+01   -1.1293625719E+01    2.9406123003E+04   -1.2332560748E+04
    -3.5813103085E+05   -5.9215206569E+02    1.3197353487E+02   -2.0423953204E+01   -1.2332560748E+04    1.8848766512E+05

     3.6243323978E+00    0.0000000000E+00    0.0000000000E+00    0.0000000000E+00    1.2504341043E-02   -1.5112111402E-01
     0.0000000000E+00    3.6243323978E+00    0.0000000000E+00   -1.2504341043E-02    0.0000000000E+00    0.0000000000E+00
     0.0000000000E+00    0.0000000000E+00    3.6243323978E+00    1.5112111402E-01    0.0000000000E+00    0.0000000000E+00
     0.0000000000E+00   -1.2504341043E-02    1.5112111402E-01    3.8702847416E-02    0.0000000000E+00    0.0000000000E+00
     1.2504341043E-02    0.0000000000E+00    0.0000000000E+00    0.0000000000E+00    1.9121891579E-03   -1.6531541118E-03
    -1.5112111402E-01    0.0000000000E+00    0.0000000000E+00    0.0000000000E+00   -1.6531541118E-03    3.6790658258E-02
    
0.91111111111
     2.6816911039E+07    7.4934549599E+03    3.3169968442E+03   -8.4465004664E+02    1.0940969810E+05   -1.6519367232E+05
     7.4934549599E+03    3.4283505307E+06    4.3505947597E+04   -1.6934230202E+04    8.7278934947E+02   -2.5884780019E+02
     3.3169968442E+03    4.3505947597E+04    9.3871130885E+04   -6.2795804200E+02    1.7050312712E+01    5.0745231025E+01
    -8.4465004664E+02   -1.6934230202E+04   -6.2795804200E+02    1.9426079648E+03   -7.8218638475E+00   -3.3795880194E+00
     1.0940969810E+05    8.7278934947E+02    1.7050312712E+01   -7.8218638475E+00    5.9595322222E+03   -2.3529778470E+03
    -1.6519367232E+05   -2.5884780019E+02    5.0745231025E+01   -3.3795880194E+00   -2.3529778470E+03    5.5811714334E+04

     2.4044552977E+00    0.0000000000E+00    0.0000000000E+00    0.0000000000E+00    8.8298424386E-03   -6.8134982819E-02
     0.0000000000E+00    2.4044552977E+00    0.0000000000E+00   -8.8298424386E-03    0.0000000000E+00    0.0000000000E+00
     0.0000000000E+00    0.0000000000E+00    2.4044552977E+00    6.8134982819E-02    0.0000000000E+00    0.0000000000E+00
     0.0000000000E+00   -8.8298424386E-03    6.8134982819E-02    1.1335408324E-02    0.0000000000E+00    0.0000000000E+00
     8.8298424386E-03    0.0000000000E+00    0.0000000000E+00    0.0000000000E+00    4.1574007426E-04   -3.4717470104E-04
    -6.8134982819E-02    0.0000000000E+00    0.0000000000E+00    0.0000000000E+00   -3.4717470104E-04    1.0919668250E-02

  1.0
     3.7098678342E+09   -3.2476752368E+04   -3.1479374575E+04   -3.0408791094E+05   -2.3417526943E+05   -3.0463398719E+05
    -3.2476752368E+04    1.4889517924E+08    1.1733154204E+07    9.2675624226E+03    2.9246166548E+05   -8.5646028337E+02
    -3.1479374575E+04    1.1733154204E+07    1.2011184896E+08    9.1632234252E+03    1.8154076214E+04    2.7869569781E+04
    -3.0408791094E+05    9.2675624226E+03    9.1632234252E+03    5.8491025790E+06    6.3374425504E+02    7.8097150319E+02
    -2.3417526943E+05    2.9246166548E+05    1.8154076214E+04    6.3374425504E+02    4.4952275521E+07    4.5403745943E+05
    -3.0463398719E+05   -8.5646028337E+02    2.7869569781E+04    7.8097150319E+02    4.5403745943E+05    4.1798982390E+07

     1.6161096052E+02    0.0000000000E+00    0.0000000000E+00    0.0000000000E+00   -9.1574225451E-04   -1.6515910311E-03
     0.0000000000E+00    1.6161096052E+02    0.0000000000E+00    9.1574225451E-04    0.0000000000E+00    0.0000000000E+00
     0.0000000000E+00    0.0000000000E+00    1.6161096052E+02    1.6515910311E-03    0.0000000000E+00    0.0000000000E+00
     0.0000000000E+00    9.1574225451E-04    1.6515910311E-03    3.8419953763E+00    0.0000000000E+00    0.0000000000E+00
    -9.1574225451E-04    0.0000000000E+00    0.0000000000E+00    0.0000000000E+00    1.9457297932E+00    2.3674524165E-02
    -1.6515910311E-03    0.0000000000E+00    0.0000000000E+00    0.0000000000E+00    2.3674524165E-02    1.8962655831E+00