------- BEAMDYN V1.00.* INDIVIDUAL BLADE INPUT FILE --------------------------
Test Format 1
---------------------- BLADE PARAMETERS --------------------------------------
51   station_total    - Number of blade input stations (-)
 0   damp_flag        - Damping flag: 0: no damping; 1: damped
   ---------------------- DAMPING COEFFICIENT------------------------------------
   mu1        mu2        mu3        mu4        mu5        mu6
   (-)        (-)        (-)        (-)        (-)        (-)
1.0E-03    1.0E-03    1.0E-03    1.0E-03    1.0E-03    1.0E-03
---------------------- DISTRIBUTED PROPERTIES---------------------------------

0.000000
  1.7786160256e+10   0.0000000000e+00   0.0000000000e+00   0.0000000000e+00  -1.2103550136e-02  -2.3686967790e-02
  0.0000000000e+00   1.9427843680e+09  -1.5812900191e+08   1.1790940494e+07   0.0000000000e+00   0.0000000000e+00
  0.0000000000e+00  -1.5812900191e+08   2.5082431320e+09   3.9733478785e+06   0.0000000000e+00   0.0000000000e+00
  0.0000000000e+00   1.1790940494e+07   3.9733478785e+06   2.7455874072e+10   0.0000000000e+00   0.0000000000e+00
 -1.2103550136e-02   0.0000000000e+00   0.0000000000e+00   0.0000000000e+00   6.1872473935e+10   2.6543155838e+08
 -2.3686967790e-02   0.0000000000e+00   0.0000000000e+00   0.0000000000e+00   2.6543155838e+08   6.1011506749e+10

  1.1895105466e+03   0.0000000000e+00   0.0000000000e+00   0.0000000000e+00  -3.2826602198e-01  -7.9447454955e-01
  0.0000000000e+00   1.1895105466e+03   0.0000000000e+00   3.2826602198e-01   0.0000000000e+00   0.0000000000e+00
  0.0000000000e+00   0.0000000000e+00   1.1895105466e+03   7.9447454955e-01   0.0000000000e+00   0.0000000000e+00
  0.0000000000e+00   3.2826602198e-01   7.9447454955e-01   7.6638324096e+03   0.0000000000e+00   0.0000000000e+00
 -3.2826602198e-01   0.0000000000e+00   0.0000000000e+00   0.0000000000e+00   3.9573335307e+03   0.0000000000e+00
 -7.9447454955e-01   0.0000000000e+00   0.0000000000e+00   0.0000000000e+00   0.0000000000e+00   3.7064988788e+03


0.023333
  1.7842098941e+10   0.0000000000e+00   0.0000000000e+00   0.0000000000e+00   3.6468025297e-02  -1.3359211385e-02
  0.0000000000e+00   1.9466223928e+09  -1.5732345857e+08   1.1843840517e+07   0.0000000000e+00   0.0000000000e+00
  0.0000000000e+00  -1.5732345857e+08   2.5077701035e+09   5.7658376053e+06   0.0000000000e+00   0.0000000000e+00
  0.0000000000e+00   1.1843840517e+07   5.7658376053e+06   2.7478079660e+10   0.0000000000e+00   0.0000000000e+00
  3.6468025297e-02   0.0000000000e+00   0.0000000000e+00   0.0000000000e+00   6.2176205231e+10   3.3294748406e+08
 -1.3359211385e-02   0.0000000000e+00   0.0000000000e+00   0.0000000000e+00   3.3294748406e+08   6.1116763426e+10

  1.1916429178e+03   0.0000000000e+00   0.0000000000e+00   0.0000000000e+00  -4.1304211959e-01  -9.8773981753e-01
  0.0000000000e+00   1.1916429178e+03   0.0000000000e+00   4.1304211959e-01   0.0000000000e+00   0.0000000000e+00
  0.0000000000e+00   0.0000000000e+00   1.1916429178e+03   9.8773981753e-01   0.0000000000e+00   0.0000000000e+00
  0.0000000000e+00   4.1304211959e-01   9.8773981753e-01   7.6796565652e+03   0.0000000000e+00   0.0000000000e+00
 -4.1304211959e-01   0.0000000000e+00   0.0000000000e+00   0.0000000000e+00   3.9675765618e+03   0.0000000000e+00
 -9.8773981753e-01   0.0000000000e+00   0.0000000000e+00   0.0000000000e+00   0.0000000000e+00   3.7120800034e+03


0.043332
  1.8082316832e+10   0.0000000000e+00   0.0000000000e+00   0.0000000000e+00  -2.1513789892e-02  -8.1820935011e-03
  0.0000000000e+00   1.9730134829e+09  -1.5018673931e+08   7.9341031444e+06   0.0000000000e+00   0.0000000000e+00
  0.0000000000e+00  -1.5018673931e+08   2.4865883676e+09   1.0608190057e+07   0.0000000000e+00   0.0000000000e+00
  0.0000000000e+00   7.9341031444e+06   1.0608190057e+07   2.7323962436e+10   0.0000000000e+00   0.0000000000e+00
 -2.1513789892e-02   0.0000000000e+00   0.0000000000e+00   0.0000000000e+00   6.2996248310e+10   7.0643188501e+08
 -8.1820935011e-03   0.0000000000e+00   0.0000000000e+00   0.0000000000e+00   7.0643188501e+08   6.1127981838e+10

  1.2027669426e+03   0.0000000000e+00   0.0000000000e+00   0.0000000000e+00  -1.9065374366e+00   6.7732316034e+00
  0.0000000000e+00   1.2027669426e+03   0.0000000000e+00   1.9065374366e+00   0.0000000000e+00   0.0000000000e+00
  0.0000000000e+00   0.0000000000e+00   1.2027669426e+03  -6.7732316034e+00   0.0000000000e+00   0.0000000000e+00
  0.0000000000e+00   1.9065374366e+00  -6.7732316034e+00   7.7070282289e+03   0.0000000000e+00   0.0000000000e+00
 -1.9065374366e+00   0.0000000000e+00   0.0000000000e+00   0.0000000000e+00   3.9821905800e+03   0.0000000000e+00
  6.7732316034e+00   0.0000000000e+00   0.0000000000e+00   0.0000000000e+00   0.0000000000e+00   3.7248376489e+03


0.063328
  1.7655763697e+10   0.0000000000e+00   0.0000000000e+00   0.0000000000e+00   2.2922813892e-02  -7.3557794094e-03
  0.0000000000e+00   1.9535231666e+09  -1.2550959976e+08  -2.1211504231e+07   0.0000000000e+00   0.0000000000e+00
  0.0000000000e+00  -1.2550959976e+08   2.3448023632e+09   5.3522885970e+07   0.0000000000e+00   0.0000000000e+00
  0.0000000000e+00  -2.1211504231e+07   5.3522885970e+07   2.5597065378e+10   0.0000000000e+00   0.0000000000e+00
  2.2922813892e-02   0.0000000000e+00   0.0000000000e+00   0.0000000000e+00   6.0146993366e+10   1.4261528227e+09
 -7.3557794094e-03   0.0000000000e+00   0.0000000000e+00   0.0000000000e+00   1.4261528227e+09   5.8085394494e+10

  1.1714868442e+03   0.0000000000e+00   0.0000000000e+00   0.0000000000e+00  -1.1001306524e+00   1.4265093188e+00
  0.0000000000e+00   1.1714868442e+03   0.0000000000e+00   1.1001306524e+00   0.0000000000e+00   0.0000000000e+00
  0.0000000000e+00   0.0000000000e+00   1.1714868442e+03  -1.4265093188e+00   0.0000000000e+00   0.0000000000e+00
  0.0000000000e+00   1.1001306524e+00  -1.4265093188e+00   7.3428645250e+03   0.0000000000e+00   0.0000000000e+00
 -1.1001306524e+00   0.0000000000e+00   0.0000000000e+00   0.0000000000e+00   3.7648893149e+03   0.0000000000e+00
  1.4265093188e+00   0.0000000000e+00   0.0000000000e+00   0.0000000000e+00   0.0000000000e+00   3.5779752101e+03


0.083325
  1.6848636501e+10   0.0000000000e+00   0.0000000000e+00   0.0000000000e+00   7.9244524240e-03   7.2683095932e-03
  0.0000000000e+00   1.8538489262e+09  -1.0469367151e+08  -3.2822241954e+07   0.0000000000e+00   0.0000000000e+00
  0.0000000000e+00  -1.0469367151e+08   2.0825105011e+09   5.1368000379e+07   0.0000000000e+00   0.0000000000e+00
  0.0000000000e+00  -3.2822241954e+07   5.1368000379e+07   2.2142676384e+10   0.0000000000e+00   0.0000000000e+00
  7.9244524240e-03   0.0000000000e+00   0.0000000000e+00   0.0000000000e+00   5.4555983882e+10   2.4095000812e+09
  7.2683095932e-03   0.0000000000e+00   0.0000000000e+00   0.0000000000e+00   2.4095000812e+09   5.3045894415e+10

  1.1136234107e+03   0.0000000000e+00   0.0000000000e+00   0.0000000000e+00  -3.3245993098e+00   1.6660745624e+01
  0.0000000000e+00   1.1136234107e+03   0.0000000000e+00   3.3245993098e+00   0.0000000000e+00   0.0000000000e+00
  0.0000000000e+00   0.0000000000e+00   1.1136234107e+03  -1.6660745624e+01   0.0000000000e+00   0.0000000000e+00
  0.0000000000e+00   3.3245993098e+00  -1.6660745624e+01   6.6554038014e+03   0.0000000000e+00   0.0000000000e+00
 -3.3245993098e+00   0.0000000000e+00   0.0000000000e+00   0.0000000000e+00   3.3550968618e+03   0.0000000000e+00
  1.6660745624e+01   0.0000000000e+00   0.0000000000e+00   0.0000000000e+00   0.0000000000e+00   3.3003069395e+03


0.103322
  1.5961225922e+10   0.0000000000e+00   0.0000000000e+00   0.0000000000e+00   8.6455776414e-03  -1.1812470469e-02
  0.0000000000e+00   1.8608991945e+09  -4.7431374703e+06  -1.3747900690e+08   0.0000000000e+00   0.0000000000e+00
  0.0000000000e+00  -4.7431374703e+06   1.6983548885e+09   4.9311964027e+07   0.0000000000e+00   0.0000000000e+00
  0.0000000000e+00  -1.3747900690e+08   4.9311964027e+07   1.8401841151e+10   0.0000000000e+00   0.0000000000e+00
  8.6455776414e-03   0.0000000000e+00   0.0000000000e+00   0.0000000000e+00   4.4103380511e+10  -2.6794433594e-02
 -1.1812470469e-02   0.0000000000e+00   0.0000000000e+00   0.0000000000e+00  -2.6794433594e-02   5.0864201755e+10

  1.0493102459e+03   0.0000000000e+00   0.0000000000e+00   0.0000000000e+00  -6.4510960270e+00   2.2763561095e+01
  0.0000000000e+00   1.0493102459e+03   0.0000000000e+00   6.4510960270e+00   0.0000000000e+00   0.0000000000e+00
  0.0000000000e+00   0.0000000000e+00   1.0493102459e+03  -2.2763561095e+01   0.0000000000e+00   0.0000000000e+00
  0.0000000000e+00   6.4510960270e+00  -2.2763561095e+01   5.8523220748e+03   0.0000000000e+00   0.0000000000e+00
 -6.4510960270e+00   0.0000000000e+00   0.0000000000e+00   0.0000000000e+00   2.7494401156e+03   0.0000000000e+00
  2.2763561095e+01   0.0000000000e+00   0.0000000000e+00   0.0000000000e+00   0.0000000000e+00   3.1028819592e+03


0.123316
  1.4828621724e+10   0.0000000000e+00   0.0000000000e+00   0.0000000000e+00  -1.4645639662e-02  -2.1341812381e-02
  0.0000000000e+00   1.6531069176e+09   6.8126398970e+07  -2.2300839017e+08   0.0000000000e+00   0.0000000000e+00
  0.0000000000e+00   6.8126398970e+07   1.4511245791e+09   1.2146434075e+08   0.0000000000e+00   0.0000000000e+00
  0.0000000000e+00  -2.2300839017e+08   1.2146434075e+08   1.4011509573e+10   0.0000000000e+00   0.0000000000e+00
 -1.4645639662e-02   0.0000000000e+00   0.0000000000e+00   0.0000000000e+00   3.5793156581e+10   7.0590972900e-03
 -2.1341812381e-02   0.0000000000e+00   0.0000000000e+00   0.0000000000e+00   7.0590972900e-03   4.3937592468e+10

  9.7462848090e+02   0.0000000000e+00   0.0000000000e+00   0.0000000000e+00  -4.0011221317e+00   3.7417594926e+01
  0.0000000000e+00   9.7462848090e+02   0.0000000000e+00   4.0011221317e+00   0.0000000000e+00   0.0000000000e+00
  0.0000000000e+00   0.0000000000e+00   9.7462848090e+02  -3.7417594926e+01   0.0000000000e+00   0.0000000000e+00
  0.0000000000e+00   4.0011221317e+00  -3.7417594926e+01   4.9388567876e+03   0.0000000000e+00   0.0000000000e+00
 -4.0011221317e+00   0.0000000000e+00   0.0000000000e+00   0.0000000000e+00   2.2345925080e+03   0.0000000000e+00
  3.7417594926e+01   0.0000000000e+00   0.0000000000e+00   0.0000000000e+00   0.0000000000e+00   2.7042642796e+03


0.143297
  1.3850724152e+10   0.0000000000e+00   0.0000000000e+00   0.0000000000e+00   8.4352162176e-03  -1.5319832493e-02
  0.0000000000e+00   1.5072486787e+09   8.3478172711e+07  -2.9529819791e+08   0.0000000000e+00   0.0000000000e+00
  0.0000000000e+00   8.3478172711e+07   1.1778145497e+09   2.5019607327e+08   0.0000000000e+00   0.0000000000e+00
  0.0000000000e+00  -2.9529819791e+08   2.5019607327e+08   1.0219033086e+10   0.0000000000e+00   0.0000000000e+00
  8.4352162176e-03   0.0000000000e+00   0.0000000000e+00   0.0000000000e+00   2.8389913758e+10   9.6511840821e-04
 -1.5319832493e-02   0.0000000000e+00   0.0000000000e+00   0.0000000000e+00   9.6511840821e-04   3.7867906129e+10

  9.0874188779e+02   0.0000000000e+00   0.0000000000e+00   0.0000000000e+00   1.3094322461e+00   4.3568391142e+01
  0.0000000000e+00   9.0874188779e+02   0.0000000000e+00  -1.3094322461e+00   0.0000000000e+00   0.0000000000e+00
  0.0000000000e+00   0.0000000000e+00   9.0874188779e+02  -4.3568391142e+01   0.0000000000e+00   0.0000000000e+00
  0.0000000000e+00  -1.3094322461e+00  -4.3568391142e+01   4.1598621655e+03   0.0000000000e+00   0.0000000000e+00
  1.3094322461e+00   0.0000000000e+00   0.0000000000e+00   0.0000000000e+00   1.7400053193e+03   0.0000000000e+00
  4.3568391142e+01   0.0000000000e+00   0.0000000000e+00   0.0000000000e+00   0.0000000000e+00   2.4198568462e+03


0.163307
  1.3254621394e+10   0.0000000000e+00   0.0000000000e+00   0.0000000000e+00  -3.1736402377e-02   1.3250822702e-01
  0.0000000000e+00   1.4481331980e+09   7.4440693026e+07  -2.8193002964e+08   0.0000000000e+00   0.0000000000e+00
  0.0000000000e+00   7.4440693026e+07   9.8482657115e+08   3.7359823126e+08   0.0000000000e+00   0.0000000000e+00
  0.0000000000e+00  -2.8193002964e+08   3.7359823126e+08   7.6561184568e+09   0.0000000000e+00   0.0000000000e+00
 -3.1736402377e-02   0.0000000000e+00   0.0000000000e+00   0.0000000000e+00   2.2690734177e+10  -4.3568611145e-02
  1.3250822702e-01   0.0000000000e+00   0.0000000000e+00   0.0000000000e+00  -4.3568611145e-02   3.3767192805e+10

  8.6887170142e+02   0.0000000000e+00   0.0000000000e+00   0.0000000000e+00   4.9039730647e+00   4.8682489144e+01
  0.0000000000e+00   8.6887170142e+02   0.0000000000e+00  -4.9039730647e+00   0.0000000000e+00   0.0000000000e+00
  0.0000000000e+00   0.0000000000e+00   8.6887170142e+02  -4.8682489144e+01   0.0000000000e+00   0.0000000000e+00
  0.0000000000e+00  -4.9039730647e+00  -4.8682489144e+01   3.6030124328e+03   0.0000000000e+00   0.0000000000e+00
  4.9039730647e+00   0.0000000000e+00   0.0000000000e+00   0.0000000000e+00   1.3572134721e+03   0.0000000000e+00
  4.8682489144e+01   0.0000000000e+00   0.0000000000e+00   0.0000000000e+00   0.0000000000e+00   2.2457989607e+03


0.179981
  1.2896292803e+10   0.0000000000e+00   0.0000000000e+00   0.0000000000e+00  -2.5093222833e-03   4.6828162371e-03
  0.0000000000e+00   1.4677196972e+09   7.2833799537e+07  -2.6543298198e+08   0.0000000000e+00   0.0000000000e+00
  0.0000000000e+00   7.2833799537e+07   8.6848351212e+08   4.3107483430e+08   0.0000000000e+00   0.0000000000e+00
  0.0000000000e+00  -2.6543298198e+08   4.3107483430e+08   6.3044277900e+09   0.0000000000e+00   0.0000000000e+00
 -2.5093222833e-03   0.0000000000e+00   0.0000000000e+00   0.0000000000e+00   1.9124385492e+10  -7.7919960022e-03
  4.6828162371e-03   0.0000000000e+00   0.0000000000e+00   0.0000000000e+00  -7.7919960022e-03   3.1766382515e+10

  8.4550719319e+02   0.0000000000e+00   0.0000000000e+00   0.0000000000e+00   6.5670807210e+00   5.4286471434e+01
  0.0000000000e+00   8.4550719319e+02   0.0000000000e+00  -6.5670807210e+00   0.0000000000e+00   0.0000000000e+00
  0.0000000000e+00   0.0000000000e+00   8.4550719319e+02  -5.4286471434e+01   0.0000000000e+00   0.0000000000e+00
  0.0000000000e+00  -6.5670807210e+00  -5.4286471434e+01   3.2897190871e+03   0.0000000000e+00   0.0000000000e+00
  6.5670807210e+00   0.0000000000e+00   0.0000000000e+00   0.0000000000e+00   1.1255319715e+03   0.0000000000e+00
  5.4286471434e+01   0.0000000000e+00   0.0000000000e+00   0.0000000000e+00   0.0000000000e+00   2.1641871156e+03


0.204920
  1.1685811464e+10   0.0000000000e+00   0.0000000000e+00   0.0000000000e+00  -6.1190178329e-03  -3.7336234011e-03
  0.0000000000e+00   1.2537389417e+09   2.8853390951e+07  -2.2877340433e+08   0.0000000000e+00   0.0000000000e+00
  0.0000000000e+00   2.8853390951e+07   7.1655836206e+08   4.0930170672e+08   0.0000000000e+00   0.0000000000e+00
  0.0000000000e+00  -2.2877340433e+08   4.0930170672e+08   4.3337103310e+09   0.0000000000e+00   0.0000000000e+00
 -6.1190178329e-03   0.0000000000e+00   0.0000000000e+00   0.0000000000e+00   1.4786789075e+10   1.9907951355e-04
 -3.7336234011e-03   0.0000000000e+00   0.0000000000e+00   0.0000000000e+00   1.9907951355e-04   2.7501954923e+10

  7.7515195108e+02   0.0000000000e+00   0.0000000000e+00   0.0000000000e+00   7.9567467784e+00   7.6381851763e+01
  0.0000000000e+00   7.7515195108e+02   0.0000000000e+00  -7.9567467784e+00   0.0000000000e+00   0.0000000000e+00
  0.0000000000e+00   0.0000000000e+00   7.7515195108e+02  -7.6381851763e+01   0.0000000000e+00   0.0000000000e+00
  0.0000000000e+00  -7.9567467784e+00  -7.6381851763e+01   2.8208992934e+03   0.0000000000e+00   0.0000000000e+00
  7.9567467784e+00   0.0000000000e+00   0.0000000000e+00   0.0000000000e+00   8.5603191434e+02   0.0000000000e+00
  7.6381851763e+01   0.0000000000e+00   0.0000000000e+00   0.0000000000e+00   0.0000000000e+00   1.9648673791e+03


0.224992
  1.1011240452e+10   0.0000000000e+00   0.0000000000e+00   0.0000000000e+00  -1.1876528224e-02  -2.3023783282e-03
  0.0000000000e+00   1.1171940895e+09   1.6401242621e+06  -1.9572663235e+08   0.0000000000e+00   0.0000000000e+00
  0.0000000000e+00   1.6401242621e+06   6.6955812986e+08   3.4855585249e+08   0.0000000000e+00   0.0000000000e+00
  0.0000000000e+00  -1.9572663235e+08   3.4855585249e+08   3.5668009156e+09   0.0000000000e+00   0.0000000000e+00
 -1.1876528224e-02   0.0000000000e+00   0.0000000000e+00   0.0000000000e+00   1.2654731356e+10  -3.2787322998e-03
 -2.3023783282e-03   0.0000000000e+00   0.0000000000e+00   0.0000000000e+00  -3.2787322998e-03   2.5383949648e+10

  7.3579357111e+02   0.0000000000e+00   0.0000000000e+00   0.0000000000e+00   6.9251030198e+00   9.1946228150e+01
  0.0000000000e+00   7.3579357111e+02   0.0000000000e+00  -6.9251030198e+00   0.0000000000e+00   0.0000000000e+00
  0.0000000000e+00   0.0000000000e+00   7.3579357111e+02  -9.1946228150e+01   0.0000000000e+00   0.0000000000e+00
  0.0000000000e+00  -6.9251030198e+00  -9.1946228150e+01   2.6063171674e+03   0.0000000000e+00   0.0000000000e+00
  6.9251030198e+00   0.0000000000e+00   0.0000000000e+00   0.0000000000e+00   7.2586646241e+02   0.0000000000e+00
  9.1946228150e+01   0.0000000000e+00   0.0000000000e+00   0.0000000000e+00   0.0000000000e+00   1.8804507050e+03


0.244996
  1.0268946114e+10   0.0000000000e+00   0.0000000000e+00   0.0000000000e+00   4.1294981640e-03  -3.1383678962e-04
  0.0000000000e+00   9.5644598796e+08  -1.7283400581e+07  -1.6345438186e+08   0.0000000000e+00   0.0000000000e+00
  0.0000000000e+00  -1.7283400581e+07   6.0563285321e+08   3.2599632304e+08   0.0000000000e+00   0.0000000000e+00
  0.0000000000e+00  -1.6345438186e+08   3.2599632304e+08   2.8382136060e+09   0.0000000000e+00   0.0000000000e+00
  4.1294981640e-03   0.0000000000e+00   0.0000000000e+00   0.0000000000e+00   1.0807894533e+10  -9.1029405594e-03
 -3.1383678962e-04   0.0000000000e+00   0.0000000000e+00   0.0000000000e+00  -9.1029405594e-03   2.2932669633e+10

  6.9112424644e+02   0.0000000000e+00   0.0000000000e+00   0.0000000000e+00   5.4877110232e+00   9.6556713961e+01
  0.0000000000e+00   6.9112424644e+02   0.0000000000e+00  -5.4877110232e+00   0.0000000000e+00   0.0000000000e+00
  0.0000000000e+00   0.0000000000e+00   6.9112424644e+02  -9.6556713961e+01   0.0000000000e+00   0.0000000000e+00
  0.0000000000e+00  -5.4877110232e+00  -9.6556713961e+01   2.3584703822e+03   0.0000000000e+00   0.0000000000e+00
  5.4877110232e+00   0.0000000000e+00   0.0000000000e+00   0.0000000000e+00   6.1725194219e+02   0.0000000000e+00
  9.6556713961e+01   0.0000000000e+00   0.0000000000e+00   0.0000000000e+00   0.0000000000e+00   1.7412184400e+03


0.264992
  9.6588307373e+09   0.0000000000e+00   0.0000000000e+00   0.0000000000e+00  -8.5773050191e-05   4.2898490174e-02
  0.0000000000e+00   8.2480502668e+08  -2.9113884180e+07  -1.3579551774e+08   0.0000000000e+00   0.0000000000e+00
  0.0000000000e+00  -2.9113884180e+07   5.5949589915e+08   2.9953373375e+08   0.0000000000e+00   0.0000000000e+00
  0.0000000000e+00  -1.3579551774e+08   2.9953373375e+08   2.2969331886e+09   0.0000000000e+00   0.0000000000e+00
 -8.5773050191e-05   0.0000000000e+00   0.0000000000e+00   0.0000000000e+00   9.3327116162e+09  -3.0925750732e-02
  4.2898490174e-02   0.0000000000e+00   0.0000000000e+00   0.0000000000e+00  -3.0925750732e-02   2.0646064677e+10

  6.5485249686e+02   0.0000000000e+00   0.0000000000e+00   0.0000000000e+00   4.4404680261e+00   1.0457558605e+02
  0.0000000000e+00   6.5485249686e+02   0.0000000000e+00  -4.4404680261e+00   0.0000000000e+00   0.0000000000e+00
  0.0000000000e+00   0.0000000000e+00   6.5485249686e+02  -1.0457558605e+02   0.0000000000e+00   0.0000000000e+00
  0.0000000000e+00  -4.4404680261e+00  -1.0457558605e+02   2.1510414696e+03   0.0000000000e+00   0.0000000000e+00
  4.4404680261e+00   0.0000000000e+00   0.0000000000e+00   0.0000000000e+00   5.3194748689e+02   0.0000000000e+00
  1.0457558605e+02   0.0000000000e+00   0.0000000000e+00   0.0000000000e+00   0.0000000000e+00   1.6190939827e+03


0.284988
  9.1850964143e+09   0.0000000000e+00   0.0000000000e+00   0.0000000000e+00   3.0659774925e-02   9.7394181674e-03
  0.0000000000e+00   7.2748988764e+08  -3.5847570201e+07  -1.1552074136e+08   0.0000000000e+00   0.0000000000e+00
  0.0000000000e+00  -3.5847570201e+07   5.2681155412e+08   2.7761368605e+08   0.0000000000e+00   0.0000000000e+00
  0.0000000000e+00  -1.1552074136e+08   2.7761368605e+08   1.9028650520e+09   0.0000000000e+00   0.0000000000e+00
  3.0659774925e-02   0.0000000000e+00   0.0000000000e+00   0.0000000000e+00   8.1385563536e+09  -6.0858428478e-02
  9.7394181674e-03   0.0000000000e+00   0.0000000000e+00   0.0000000000e+00  -6.0858428478e-02   1.8771392151e+10

  6.2587614782e+02   0.0000000000e+00   0.0000000000e+00   0.0000000000e+00   3.8491020154e+00   1.0842124789e+02
  0.0000000000e+00   6.2587614782e+02   0.0000000000e+00  -3.8491020154e+00   0.0000000000e+00   0.0000000000e+00
  0.0000000000e+00   0.0000000000e+00   6.2587614782e+02  -1.0842124789e+02   0.0000000000e+00   0.0000000000e+00
  0.0000000000e+00  -3.8491020154e+00  -1.0842124789e+02   1.9716439970e+03   0.0000000000e+00   0.0000000000e+00
  3.8491020154e+00   0.0000000000e+00   0.0000000000e+00   0.0000000000e+00   4.6317407100e+02   0.0000000000e+00
  1.0842124789e+02   0.0000000000e+00   0.0000000000e+00   0.0000000000e+00   0.0000000000e+00   1.5084699260e+03


0.304990
  8.7121302704e+09   0.0000000000e+00   0.0000000000e+00   0.0000000000e+00  -5.6707179320e-03  -3.3985243947e-02
  0.0000000000e+00   6.2131469854e+08  -4.3219305548e+07  -9.7298080852e+07   0.0000000000e+00   0.0000000000e+00
  0.0000000000e+00  -4.3219305548e+07   4.9345116631e+08   2.8703727063e+08   0.0000000000e+00   0.0000000000e+00
  0.0000000000e+00  -9.7298080852e+07   2.8703727063e+08   1.5940708651e+09   0.0000000000e+00   0.0000000000e+00
 -5.6707179320e-03   0.0000000000e+00   0.0000000000e+00   0.0000000000e+00   6.8828987483e+09  -9.0840458870e-03
 -3.3985243947e-02   0.0000000000e+00   0.0000000000e+00   0.0000000000e+00  -9.0840458870e-03   1.8753742325e+10

  5.9332091893e+02   0.0000000000e+00   0.0000000000e+00   0.0000000000e+00   3.6397743897e+00   9.4572787978e+01
  0.0000000000e+00   5.9332091893e+02   0.0000000000e+00  -3.6397743897e+00   0.0000000000e+00   0.0000000000e+00
  0.0000000000e+00   0.0000000000e+00   5.9332091893e+02  -9.4572787978e+01   0.0000000000e+00   0.0000000000e+00
  0.0000000000e+00  -3.6397743897e+00  -9.4572787978e+01   1.8432962857e+03   0.0000000000e+00   0.0000000000e+00
  3.6397743897e+00   0.0000000000e+00   0.0000000000e+00   0.0000000000e+00   3.9194062092e+02   0.0000000000e+00
  9.4572787978e+01   0.0000000000e+00   0.0000000000e+00   0.0000000000e+00   0.0000000000e+00   1.4513556648e+03


0.324992
  8.5572985871e+09   0.0000000000e+00   0.0000000000e+00   0.0000000000e+00   5.9586115843e-03   1.2785397500e-03
  0.0000000000e+00   6.0907114243e+08  -4.1699370761e+07  -8.6561625387e+07   0.0000000000e+00   0.0000000000e+00
  0.0000000000e+00  -4.1699370761e+07   4.7867905744e+08   2.6712745215e+08   0.0000000000e+00   0.0000000000e+00
  0.0000000000e+00  -8.6561625387e+07   2.6712745215e+08   1.3981935488e+09   0.0000000000e+00   0.0000000000e+00
  5.9586115843e-03   0.0000000000e+00   0.0000000000e+00   0.0000000000e+00   6.0932353317e+09  -4.9440264702e-03
  1.2785397500e-03   0.0000000000e+00   0.0000000000e+00   0.0000000000e+00  -4.9440264702e-03   1.7662980527e+10

  5.8096905879e+02   0.0000000000e+00   0.0000000000e+00   0.0000000000e+00   3.6458437334e+00   9.5990768900e+01
  0.0000000000e+00   5.8096905879e+02   0.0000000000e+00  -3.6458437334e+00   0.0000000000e+00   0.0000000000e+00
  0.0000000000e+00   0.0000000000e+00   5.8096905879e+02  -9.5990768900e+01   0.0000000000e+00   0.0000000000e+00
  0.0000000000e+00  -3.6458437334e+00  -9.5990768900e+01   1.7145887114e+03   0.0000000000e+00   0.0000000000e+00
  3.6458437334e+00   0.0000000000e+00   0.0000000000e+00   0.0000000000e+00   3.4588440898e+02   0.0000000000e+00
  9.5990768900e+01   0.0000000000e+00   0.0000000000e+00   0.0000000000e+00   0.0000000000e+00   1.3687043024e+03


0.344989
  8.3832160243e+09   0.0000000000e+00   0.0000000000e+00   0.0000000000e+00  -5.5645027336e-03  -1.1266367303e-02
  0.0000000000e+00   5.8121424555e+08  -3.9843737357e+07  -7.7540659508e+07   0.0000000000e+00   0.0000000000e+00
  0.0000000000e+00  -3.9843737357e+07   4.5903210624e+08   2.5332039778e+08   0.0000000000e+00   0.0000000000e+00
  0.0000000000e+00  -7.7540659508e+07   2.5332039778e+08   1.2346707783e+09   0.0000000000e+00   0.0000000000e+00
 -5.5645027336e-03   0.0000000000e+00   0.0000000000e+00   0.0000000000e+00   5.3973048221e+09  -1.8510818481e-03
 -1.1266367303e-02   0.0000000000e+00   0.0000000000e+00   0.0000000000e+00  -1.8510818481e-03   1.6509589603e+10

  5.6622541686e+02   0.0000000000e+00   0.0000000000e+00   0.0000000000e+00   3.7018821336e+00   9.3767577006e+01
  0.0000000000e+00   5.6622541686e+02   0.0000000000e+00  -3.7018821336e+00   0.0000000000e+00   0.0000000000e+00
  0.0000000000e+00   0.0000000000e+00   5.6622541686e+02  -9.3767577006e+01   0.0000000000e+00   0.0000000000e+00
  0.0000000000e+00  -3.7018821336e+00  -9.3767577006e+01   1.5831077704e+03   0.0000000000e+00   0.0000000000e+00
  3.7018821336e+00   0.0000000000e+00   0.0000000000e+00   0.0000000000e+00   3.0515888662e+02   0.0000000000e+00
  9.3767577006e+01   0.0000000000e+00   0.0000000000e+00   0.0000000000e+00   0.0000000000e+00   1.2779488838e+03


0.364992
  8.1920719435e+09   0.0000000000e+00   0.0000000000e+00   0.0000000000e+00  -1.2769921235e-03  -6.8399337651e-03
  0.0000000000e+00   5.7057745081e+08  -3.6546960632e+07  -6.8603648649e+07   0.0000000000e+00   0.0000000000e+00
  0.0000000000e+00  -3.6546960632e+07   4.3983198056e+08   2.2838392227e+08   0.0000000000e+00   0.0000000000e+00
  0.0000000000e+00  -6.8603648649e+07   2.2838392227e+08   1.0848110774e+09   0.0000000000e+00   0.0000000000e+00
 -1.2769921235e-03   0.0000000000e+00   0.0000000000e+00   0.0000000000e+00   4.7979597169e+09   1.7422139645e-03
 -6.8399337651e-03   0.0000000000e+00   0.0000000000e+00   0.0000000000e+00   1.7422139645e-03   1.5044861977e+10

  5.4823508892e+02   0.0000000000e+00   0.0000000000e+00   0.0000000000e+00   3.7149614252e+00   9.8400377315e+01
  0.0000000000e+00   5.4823508892e+02   0.0000000000e+00  -3.7149614252e+00   0.0000000000e+00   0.0000000000e+00
  0.0000000000e+00   0.0000000000e+00   5.4823508892e+02  -9.8400377315e+01   0.0000000000e+00   0.0000000000e+00
  0.0000000000e+00  -3.7149614252e+00  -9.8400377315e+01   1.4417720753e+03   0.0000000000e+00   0.0000000000e+00
  3.7149614252e+00   0.0000000000e+00   0.0000000000e+00   0.0000000000e+00   2.6942648766e+02   0.0000000000e+00
  9.8400377315e+01   0.0000000000e+00   0.0000000000e+00   0.0000000000e+00   0.0000000000e+00   1.1723455877e+03


0.384994
  7.9531588982e+09   0.0000000000e+00   0.0000000000e+00   0.0000000000e+00  -5.4968004183e-03  -1.8112404555e-02
  0.0000000000e+00   5.4185036608e+08  -3.3026091382e+07  -6.0288140688e+07   0.0000000000e+00   0.0000000000e+00
  0.0000000000e+00  -3.3026091382e+07   4.1495679901e+08   2.0311346532e+08   0.0000000000e+00   0.0000000000e+00
  0.0000000000e+00  -6.0288140688e+07   2.0311346532e+08   9.3650619698e+08   0.0000000000e+00   0.0000000000e+00
 -5.4968004183e-03   0.0000000000e+00   0.0000000000e+00   0.0000000000e+00   4.2608134013e+09   9.3930661679e-03
 -1.8112404555e-02   0.0000000000e+00   0.0000000000e+00   0.0000000000e+00   9.3930661679e-03   1.3537530125e+10

  5.2964795864e+02   0.0000000000e+00   0.0000000000e+00   0.0000000000e+00   3.6530557345e+00   9.6841254434e+01
  0.0000000000e+00   5.2964795864e+02   0.0000000000e+00  -3.6530557345e+00   0.0000000000e+00   0.0000000000e+00
  0.0000000000e+00   0.0000000000e+00   5.2964795864e+02  -9.6841254434e+01   0.0000000000e+00   0.0000000000e+00
  0.0000000000e+00  -3.6530557345e+00  -9.6841254434e+01   1.3037345050e+03   0.0000000000e+00   0.0000000000e+00
  3.6530557345e+00   0.0000000000e+00   0.0000000000e+00   0.0000000000e+00   2.3825910485e+02   0.0000000000e+00
  9.6841254434e+01   0.0000000000e+00   0.0000000000e+00   0.0000000000e+00   0.0000000000e+00   1.0654754001e+03


0.404992
  7.7639663392e+09   0.0000000000e+00   0.0000000000e+00   0.0000000000e+00  -1.8680080836e-03  -2.4671281695e-02
  0.0000000000e+00   5.3008004765e+08  -2.9296850914e+07  -5.4271918137e+07   0.0000000000e+00   0.0000000000e+00
  0.0000000000e+00  -2.9296850914e+07   3.9423963868e+08   1.8585636466e+08   0.0000000000e+00   0.0000000000e+00
  0.0000000000e+00  -5.4271918137e+07   1.8585636466e+08   8.3524294827e+08   0.0000000000e+00   0.0000000000e+00
 -1.8680080836e-03   0.0000000000e+00   0.0000000000e+00   0.0000000000e+00   3.7905388008e+09   5.9375166893e-04
 -2.4671281695e-02   0.0000000000e+00   0.0000000000e+00   0.0000000000e+00   5.9375166893e-04   1.2427897280e+10

  5.1031210665e+02   0.0000000000e+00   0.0000000000e+00   0.0000000000e+00   3.4472057898e+00   8.9941864733e+01
  0.0000000000e+00   5.1031210665e+02   0.0000000000e+00  -3.4472057898e+00   0.0000000000e+00   0.0000000000e+00
  0.0000000000e+00   0.0000000000e+00   5.1031210665e+02  -8.9941864733e+01   0.0000000000e+00   0.0000000000e+00
  0.0000000000e+00  -3.4472057898e+00  -8.9941864733e+01   1.1820341952e+03   0.0000000000e+00   0.0000000000e+00
  3.4472057898e+00   0.0000000000e+00   0.0000000000e+00   0.0000000000e+00   2.1042120560e+02   0.0000000000e+00
  8.9941864733e+01   0.0000000000e+00   0.0000000000e+00   0.0000000000e+00   0.0000000000e+00   9.7161298961e+02


0.424994
  7.5551359700e+09   0.0000000000e+00   0.0000000000e+00   0.0000000000e+00  -1.6950028978e-03  -1.3728596957e-02
  0.0000000000e+00   5.1610267707e+08  -2.5949204483e+07  -4.9052410424e+07   0.0000000000e+00   0.0000000000e+00
  0.0000000000e+00  -2.5949204483e+07   3.7301591219e+08   1.7003203963e+08   0.0000000000e+00   0.0000000000e+00
  0.0000000000e+00  -4.9052410424e+07   1.7003203963e+08   7.3458325095e+08   0.0000000000e+00   0.0000000000e+00
 -1.6950028978e-03   0.0000000000e+00   0.0000000000e+00   0.0000000000e+00   3.3501211789e+09  -1.6783475876e-03
 -1.3728596957e-02   0.0000000000e+00   0.0000000000e+00   0.0000000000e+00  -1.6783475876e-03   1.1478316207e+10

  4.9468140090e+02   0.0000000000e+00   0.0000000000e+00   0.0000000000e+00   3.3012030495e+00   8.5574075359e+01
  0.0000000000e+00   4.9468140090e+02   0.0000000000e+00  -3.3012030495e+00   0.0000000000e+00   0.0000000000e+00
  0.0000000000e+00   0.0000000000e+00   4.9468140090e+02  -8.5574075359e+01   0.0000000000e+00   0.0000000000e+00
  0.0000000000e+00  -3.3012030495e+00  -8.5574075359e+01   1.0785862176e+03   0.0000000000e+00   0.0000000000e+00
  3.3012030495e+00   0.0000000000e+00   0.0000000000e+00   0.0000000000e+00   1.8545299564e+02   0.0000000000e+00
  8.5574075359e+01   0.0000000000e+00   0.0000000000e+00   0.0000000000e+00   0.0000000000e+00   8.9313322194e+02


0.444996
  7.3277812418e+09   0.0000000000e+00   0.0000000000e+00   0.0000000000e+00  -2.7425394124e-03  -8.3445298079e-03
  0.0000000000e+00   4.8725071942e+08  -2.3391592950e+07  -4.4079259954e+07   0.0000000000e+00   0.0000000000e+00
  0.0000000000e+00  -2.3391592950e+07   3.5354191706e+08   1.5696935659e+08   0.0000000000e+00   0.0000000000e+00
  0.0000000000e+00  -4.4079259954e+07   1.5696935659e+08   6.4283688358e+08   0.0000000000e+00   0.0000000000e+00
 -2.7425394124e-03   0.0000000000e+00   0.0000000000e+00   0.0000000000e+00   2.9552431673e+09  -1.4758408070e-03
 -8.3445298079e-03   0.0000000000e+00   0.0000000000e+00   0.0000000000e+00  -1.4758408070e-03   1.0439965519e+10

  4.7751441090e+02   0.0000000000e+00   0.0000000000e+00   0.0000000000e+00   3.1314219073e+00   7.9469691015e+01
  0.0000000000e+00   4.7751441090e+02   0.0000000000e+00  -3.1314219073e+00   0.0000000000e+00   0.0000000000e+00
  0.0000000000e+00   0.0000000000e+00   4.7751441090e+02  -7.9469691015e+01   0.0000000000e+00   0.0000000000e+00
  0.0000000000e+00  -3.1314219073e+00  -7.9469691015e+01   9.7220910907e+02   0.0000000000e+00   0.0000000000e+00
  3.1314219073e+00   0.0000000000e+00   0.0000000000e+00   0.0000000000e+00   1.6306847013e+02   0.0000000000e+00
  7.9469691015e+01   0.0000000000e+00   0.0000000000e+00   0.0000000000e+00   0.0000000000e+00   8.0914063894e+02


0.463992
  7.1084542038e+09   0.0000000000e+00   0.0000000000e+00   0.0000000000e+00   3.8362582511e-03   1.2245492841e-02
  0.0000000000e+00   4.7386904570e+08  -2.0551933536e+07  -3.9648409584e+07   0.0000000000e+00   0.0000000000e+00
  0.0000000000e+00  -2.0551933536e+07   3.3519409474e+08   1.4162874530e+08   0.0000000000e+00   0.0000000000e+00
  0.0000000000e+00  -3.9648409584e+07   1.4162874530e+08   5.6476877857e+08   0.0000000000e+00   0.0000000000e+00
  3.8362582511e-03   0.0000000000e+00   0.0000000000e+00   0.0000000000e+00   2.6180995656e+09   9.1915577650e-04
  1.2245492841e-02   0.0000000000e+00   0.0000000000e+00   0.0000000000e+00   9.1915577650e-04   9.4680609890e+09

  4.6092902979e+02   0.0000000000e+00   0.0000000000e+00   0.0000000000e+00   3.0004020927e+00   7.7879961175e+01
  0.0000000000e+00   4.6092902979e+02   0.0000000000e+00  -3.0004020927e+00   0.0000000000e+00   0.0000000000e+00
  0.0000000000e+00   0.0000000000e+00   4.6092902979e+02  -7.7879961175e+01   0.0000000000e+00   0.0000000000e+00
  0.0000000000e+00  -3.0004020927e+00  -7.7879961175e+01   8.8315329384e+02   0.0000000000e+00   0.0000000000e+00
  3.0004020927e+00   0.0000000000e+00   0.0000000000e+00   0.0000000000e+00   1.4393227765e+02   0.0000000000e+00
  7.7879961175e+01   0.0000000000e+00   0.0000000000e+00   0.0000000000e+00   0.0000000000e+00   7.3922101619e+02


0.483996
  6.8530451635e+09   0.0000000000e+00   0.0000000000e+00   0.0000000000e+00  -1.0880710115e-03   2.5494891379e-02
  0.0000000000e+00   4.6129245782e+08  -1.7210650382e+07  -3.5601790596e+07   0.0000000000e+00   0.0000000000e+00
  0.0000000000e+00  -1.7210650382e+07   3.1284903445e+08   1.2678262433e+08   0.0000000000e+00   0.0000000000e+00
  0.0000000000e+00  -3.5601790596e+07   1.2678262433e+08   4.9634558430e+08   0.0000000000e+00   0.0000000000e+00
 -1.0880710115e-03   0.0000000000e+00   0.0000000000e+00   0.0000000000e+00   2.2963089637e+09  -5.1902830601e-03
  2.5494891379e-02   0.0000000000e+00   0.0000000000e+00   0.0000000000e+00  -5.1902830601e-03   8.5025961954e+09

  4.4177737387e+02   0.0000000000e+00   0.0000000000e+00   0.0000000000e+00   2.7941625996e+00   7.4746757868e+01
  0.0000000000e+00   4.4177737387e+02   0.0000000000e+00  -2.7941625996e+00   0.0000000000e+00   0.0000000000e+00
  0.0000000000e+00   0.0000000000e+00   4.4177737387e+02  -7.4746757868e+01   0.0000000000e+00   0.0000000000e+00
  0.0000000000e+00  -2.7941625996e+00  -7.4746757868e+01   7.8730697034e+02   0.0000000000e+00   0.0000000000e+00
  2.7941625996e+00   0.0000000000e+00   0.0000000000e+00   0.0000000000e+00   1.2576684563e+02   0.0000000000e+00
  7.4746757868e+01   0.0000000000e+00   0.0000000000e+00   0.0000000000e+00   0.0000000000e+00   6.6154012470e+02


0.503997
  6.6237572959e+09   0.0000000000e+00   0.0000000000e+00   0.0000000000e+00  -1.0384304819e-03   1.0227862320e-02
  0.0000000000e+00   4.4808859440e+08  -1.4876195111e+07  -3.2119702683e+07   0.0000000000e+00   0.0000000000e+00
  0.0000000000e+00  -1.4876195111e+07   2.9723766332e+08   1.1693301704e+08   0.0000000000e+00   0.0000000000e+00
  0.0000000000e+00  -3.2119702683e+07   1.1693301704e+08   4.3938796443e+08   0.0000000000e+00   0.0000000000e+00
 -1.0384304819e-03   0.0000000000e+00   0.0000000000e+00   0.0000000000e+00   2.0143680203e+09   1.6019418836e-03
  1.0227862320e-02   0.0000000000e+00   0.0000000000e+00   0.0000000000e+00   1.6019418836e-03   7.7039511189e+09

  4.2533330681e+02   0.0000000000e+00   0.0000000000e+00   0.0000000000e+00   2.6295457248e+00   7.1652369700e+01
  0.0000000000e+00   4.2533330681e+02   0.0000000000e+00  -2.6295457248e+00   0.0000000000e+00   0.0000000000e+00
  0.0000000000e+00   0.0000000000e+00   4.2533330681e+02  -7.1652369700e+01   0.0000000000e+00   0.0000000000e+00
  0.0000000000e+00  -2.6295457248e+00  -7.1652369700e+01   7.1173206043e+02   0.0000000000e+00   0.0000000000e+00
  2.6295457248e+00   0.0000000000e+00   0.0000000000e+00   0.0000000000e+00   1.1002790629e+02   0.0000000000e+00
  7.1652369700e+01   0.0000000000e+00   0.0000000000e+00   0.0000000000e+00   0.0000000000e+00   6.0170415414e+02


0.523993
  6.3081504855e+09   0.0000000000e+00   0.0000000000e+00   0.0000000000e+00  -3.5457936596e-03   2.2524820409e-02
  0.0000000000e+00   4.1909929724e+08  -1.2907130075e+07  -2.8194875370e+07   0.0000000000e+00   0.0000000000e+00
  0.0000000000e+00  -1.2907130075e+07   2.8109835903e+08   1.0226649877e+08   0.0000000000e+00   0.0000000000e+00
  0.0000000000e+00  -2.8194875370e+07   1.0226649877e+08   3.7638332032e+08   0.0000000000e+00   0.0000000000e+00
 -3.5457936596e-03   0.0000000000e+00   0.0000000000e+00   0.0000000000e+00   1.7566024653e+09   8.9170783758e-04
  2.2524820409e-02   0.0000000000e+00   0.0000000000e+00   0.0000000000e+00   8.9170783758e-04   6.6442407721e+09

  4.0138217955e+02   0.0000000000e+00   0.0000000000e+00   0.0000000000e+00   2.3135948923e+00   6.2567084438e+01
  0.0000000000e+00   4.0138217955e+02   0.0000000000e+00  -2.3135948923e+00   0.0000000000e+00   0.0000000000e+00
  0.0000000000e+00   0.0000000000e+00   4.0138217955e+02  -6.2567084438e+01   0.0000000000e+00   0.0000000000e+00
  0.0000000000e+00  -2.3135948923e+00  -6.2567084438e+01   6.1186977160e+02   0.0000000000e+00   0.0000000000e+00
  2.3135948923e+00   0.0000000000e+00   0.0000000000e+00   0.0000000000e+00   9.5481108053e+01   0.0000000000e+00
  6.2567084438e+01   0.0000000000e+00   0.0000000000e+00   0.0000000000e+00   0.0000000000e+00   5.1638866354e+02


0.543996
  6.0584872712e+09   0.0000000000e+00   0.0000000000e+00   0.0000000000e+00  -6.1913595406e-05   1.3975890212e-02
  0.0000000000e+00   4.0603410027e+08  -1.0598042458e+07  -2.5232902513e+07   0.0000000000e+00   0.0000000000e+00
  0.0000000000e+00  -1.0598042458e+07   2.6273576602e+08   9.2807253279e+07   0.0000000000e+00   0.0000000000e+00
  0.0000000000e+00  -2.5232902513e+07   9.2807253279e+07   3.3100492382e+08   0.0000000000e+00   0.0000000000e+00
 -6.1913595406e-05   0.0000000000e+00   0.0000000000e+00   0.0000000000e+00   1.5348894467e+09  -1.7465986311e-03
  1.3975890212e-02   0.0000000000e+00   0.0000000000e+00   0.0000000000e+00  -1.7465986311e-03   5.9730812331e+09

  3.8514411819e+02   0.0000000000e+00   0.0000000000e+00   0.0000000000e+00   2.1484400263e+00   5.9205458401e+01
  0.0000000000e+00   3.8514411819e+02   0.0000000000e+00  -2.1484400263e+00   0.0000000000e+00   0.0000000000e+00
  0.0000000000e+00   0.0000000000e+00   3.8514411819e+02  -5.9205458401e+01   0.0000000000e+00   0.0000000000e+00
  0.0000000000e+00  -2.1484400263e+00  -5.9205458401e+01   5.4940796991e+02   0.0000000000e+00   0.0000000000e+00
  2.1484400263e+00   0.0000000000e+00   0.0000000000e+00   0.0000000000e+00   8.3324275600e+01   0.0000000000e+00
  5.9205458401e+01   0.0000000000e+00   0.0000000000e+00   0.0000000000e+00   0.0000000000e+00   4.6608369431e+02


0.563999
  5.8241825274e+09   0.0000000000e+00   0.0000000000e+00   0.0000000000e+00   1.0464938949e-03  -7.6588998615e-03
  0.0000000000e+00   3.9328013358e+08  -8.8993617057e+06  -2.2815827880e+07   0.0000000000e+00   0.0000000000e+00
