 ------- BEAMDYN V1.00.* INDIVIDUAL BLADE INPUT FILE --------------------------
 Test Format 1
 ---------------------- BLADE PARAMETERS --------------------------------------
2         station_total    - Number of blade input stations (-)
 1   format_index     - Format index: 1-6 by 6 matrices; 2-sectional properties
 ---------------------- DISTRIBUTED PROPERTIES---------------------------------
 0.0
     3.7098678342E+09   -3.2476752368E+04   -3.1479374575E+04   -3.0408791094E+05   -2.3417526943E+05   -3.0463398719E+05
    -3.2476752368E+04    1.4889517924E+08    1.1733154204E+07    9.2675624226E+03    2.9246166548E+05   -8.5646028337E+02
    -3.1479374575E+04    1.1733154204E+07    1.2011184896E+08    9.1632234252E+03    1.8154076214E+04    2.7869569781E+04
    -3.0408791094E+05    9.2675624226E+03    9.1632234252E+03    5.8491025790E+06    6.3374425504E+02    7.8097150319E+02
    -2.3417526943E+05    2.9246166548E+05    1.8154076214E+04    6.3374425504E+02    4.4952275521E+07    4.5403745943E+05
    -3.0463398719E+05   -8.5646028337E+02    2.7869569781E+04    7.8097150319E+02    4.5403745943E+05    4.1798982390E+07

     1.6161096052E+02    0.0000000000E+00    0.0000000000E+00    0.0000000000E+00   -9.1574225451E-04   -1.6515910311E-03
     0.0000000000E+00    1.6161096052E+02    0.0000000000E+00    9.1574225451E-04    0.0000000000E+00    0.0000000000E+00
     0.0000000000E+00    0.0000000000E+00    1.6161096052E+02    1.6515910311E-03    0.0000000000E+00    0.0000000000E+00
     0.0000000000E+00    9.1574225451E-04    1.6515910311E-03    3.8419953763E+00    0.0000000000E+00    0.0000000000E+00
    -9.1574225451E-04    0.0000000000E+00    0.0000000000E+00    0.0000000000E+00    1.9457297932E+00    2.3674524165E-02
    -1.6515910311E-03    0.0000000000E+00    0.0000000000E+00    0.0000000000E+00    2.3674524165E-02    1.8962655831E+00

  1.0
     3.7098678342E+09   -3.2476752368E+04   -3.1479374575E+04   -3.0408791094E+05   -2.3417526943E+05   -3.0463398719E+05
    -3.2476752368E+04    1.4889517924E+08    1.1733154204E+07    9.2675624226E+03    2.9246166548E+05   -8.5646028337E+02
    -3.1479374575E+04    1.1733154204E+07    1.2011184896E+08    9.1632234252E+03    1.8154076214E+04    2.7869569781E+04
    -3.0408791094E+05    9.2675624226E+03    9.1632234252E+03    5.8491025790E+06    6.3374425504E+02    7.8097150319E+02
    -2.3417526943E+05    2.9246166548E+05    1.8154076214E+04    6.3374425504E+02    4.4952275521E+07    4.5403745943E+05
    -3.0463398719E+05   -8.5646028337E+02    2.7869569781E+04    7.8097150319E+02    4.5403745943E+05    4.1798982390E+07

     1.6161096052E+02    0.0000000000E+00    0.0000000000E+00    0.0000000000E+00   -9.1574225451E-04   -1.6515910311E-03
     0.0000000000E+00    1.6161096052E+02    0.0000000000E+00    9.1574225451E-04    0.0000000000E+00    0.0000000000E+00
     0.0000000000E+00    0.0000000000E+00    1.6161096052E+02    1.6515910311E-03    0.0000000000E+00    0.0000000000E+00
     0.0000000000E+00    9.1574225451E-04    1.6515910311E-03    3.8419953763E+00    0.0000000000E+00    0.0000000000E+00
    -9.1574225451E-04    0.0000000000E+00    0.0000000000E+00    0.0000000000E+00    1.9457297932E+00    2.3674524165E-02
    -1.6515910311E-03    0.0000000000E+00    0.0000000000E+00    0.0000000000E+00    2.3674524165E-02    1.8962655831E+00