------- BEAMDYN V1.00.* INDIVIDUAL BLADE INPUT FILE --------------------------
Test Format 1
---------------------- BLADE PARAMETERS --------------------------------------
2   station_total    - Number of blade input stations (-)
1   format_index     - Format index: 1-6 by 6 matrices; 2-sectional properties
---------------------- DISTRIBUTED PROPERTIES---------------------------------
0					
     2.5000000000E+10    0.0000000000E+00    0.0000000000E+00    0.0000000000E+00   -2.5523593649E-05    2.4044653401E-05
     0.0000000000E+00    7.8747743962E+09   -8.5915517020E-05    2.1397053121E-05    0.0000000000E+00    0.0000000000E+00
     0.0000000000E+00   -8.5915517020E-05    8.2640897123E+09    6.0240333270E-06    0.0000000000E+00    0.0000000000E+00
     0.0000000000E+00    2.1397053121E-05    6.0240333270E-06    1.4179184488E+08    0.0000000000E+00    0.0000000000E+00
    -2.5523593649E-05    0.0000000000E+00    0.0000000000E+00    0.0000000000E+00    5.2083333333E+08    4.8548863560E-06
     2.4044653401E-05    0.0000000000E+00    0.0000000000E+00    0.0000000000E+00    4.8548863560E-06    1.3020833333E+08
					
0.00E+00	0.00E+00	0.00E+00	0.00E+00	0.00E+00	0.00E+00
0.00E+00	0.00E+00	0.00E+00	0.00E+00	0.00E+00	0.00E+00
0.00E+00	0.00E+00	0.00E+00	0.00E+00	0.00E+00	0.00E+00
0.00E+00	0.00E+00	0.00E+00	0.00E+00	0.00E+00	0.00E+00
0.00E+00	0.00E+00	0.00E+00	0.00E+00	0.00E+00	0.00E+00
0.00E+00	0.00E+00	0.00E+00	0.00E+00	0.00E+00	0.00E+00

1					
     2.5000000000E+10    0.0000000000E+00    0.0000000000E+00    0.0000000000E+00   -2.5523593649E-05    2.4044653401E-05
     0.0000000000E+00    7.8747743962E+09   -8.5915517020E-05    2.1397053121E-05    0.0000000000E+00    0.0000000000E+00
     0.0000000000E+00   -8.5915517020E-05    8.2640897123E+09    6.0240333270E-06    0.0000000000E+00    0.0000000000E+00
     0.0000000000E+00    2.1397053121E-05    6.0240333270E-06    1.4179184488E+08    0.0000000000E+00    0.0000000000E+00
    -2.5523593649E-05    0.0000000000E+00    0.0000000000E+00    0.0000000000E+00    5.2083333333E+08    4.8548863560E-06
     2.4044653401E-05    0.0000000000E+00    0.0000000000E+00    0.0000000000E+00    4.8548863560E-06    1.3020833333E+08
					
0.00E+00	0.00E+00	0.00E+00	0.00E+00	0.00E+00	0.00E+00
0.00E+00	0.00E+00	0.00E+00	0.00E+00	0.00E+00	0.00E+00
0.00E+00	0.00E+00	0.00E+00	0.00E+00	0.00E+00	0.00E+00
0.00E+00	0.00E+00	0.00E+00	0.00E+00	0.00E+00	0.00E+00
0.00E+00	0.00E+00	0.00E+00	0.00E+00	0.00E+00	0.00E+00
0.00E+00	0.00E+00	0.00E+00	0.00E+00	0.00E+00	0.00E+00
