------- BEAMDYN V1.00.* INDIVIDUAL BLADE INPUT FILE --------------------------
Test Format 1
---------------------- BLADE PARAMETERS --------------------------------------
2   station_total    - Number of blade input stations (-)
1   format_index     - Format index: 1-6 by 6 matrices; 2-sectional properties
---------------------- DISTRIBUTED PROPERTIES---------------------------------
0					
     1.9300000000E+08   -7.5400000000E+04    1.2200000000E+04   -7.5200000000E+04   -1.9700000000E+06   -3.5000000000E+06
    -7.5400000000E+04    1.9500000000E+07    4.7600000000E+06    6.2600000000E+04    6.7300000000E+04    1.1600000000E+04
     1.2200000000E+04    4.7600000000E+06    7.2100000000E+06   -4.5000000000E+05    1.7000000000E+04    2.6800000000E+03
    -7.5200000000E+04    6.2600000000E+04   -4.5000000000E+05    5.1800000000E+05    1.6600000000E+03   -1.1100000000E+03
    -1.9700000000E+06    6.7300000000E+04    1.7000000000E+04    1.6600000000E+03    2.2800000000E+06   -8.7500000000E+05
    -3.5000000000E+06    1.1600000000E+04    2.6800000000E+03   -1.1100000000E+03   -8.7500000000E+05    4.2400000000E+06
					
0.00E+00	0.00E+00	0.00E+00	0.00E+00	0.00E+00	0.00E+00
0.00E+00	0.00E+00	0.00E+00	0.00E+00	0.00E+00	0.00E+00
0.00E+00	0.00E+00	0.00E+00	0.00E+00	0.00E+00	0.00E+00
0.00E+00	0.00E+00	0.00E+00	0.00E+00	0.00E+00	0.00E+00
0.00E+00	0.00E+00	0.00E+00	0.00E+00	0.00E+00	0.00E+00
0.00E+00	0.00E+00	0.00E+00	0.00E+00	0.00E+00	0.00E+00

1					
     1.9300000000E+08   -7.5400000000E+04    1.2200000000E+04   -7.5200000000E+04   -1.9700000000E+06   -3.5000000000E+06
    -7.5400000000E+04    1.9500000000E+07    4.7600000000E+06    6.2600000000E+04    6.7300000000E+04    1.1600000000E+04
     1.2200000000E+04    4.7600000000E+06    7.2100000000E+06   -4.5000000000E+05    1.7000000000E+04    2.6800000000E+03
    -7.5200000000E+04    6.2600000000E+04   -4.5000000000E+05    5.1800000000E+05    1.6600000000E+03   -1.1100000000E+03
    -1.9700000000E+06    6.7300000000E+04    1.7000000000E+04    1.6600000000E+03    2.2800000000E+06   -8.7500000000E+05
    -3.5000000000E+06    1.1600000000E+04    2.6800000000E+03   -1.1100000000E+03   -8.7500000000E+05    4.2400000000E+06
					
0.00E+00	0.00E+00	0.00E+00	0.00E+00	0.00E+00	0.00E+00
0.00E+00	0.00E+00	0.00E+00	0.00E+00	0.00E+00	0.00E+00
0.00E+00	0.00E+00	0.00E+00	0.00E+00	0.00E+00	0.00E+00
0.00E+00	0.00E+00	0.00E+00	0.00E+00	0.00E+00	0.00E+00
0.00E+00	0.00E+00	0.00E+00	0.00E+00	0.00E+00	0.00E+00
0.00E+00	0.00E+00	0.00E+00	0.00E+00	0.00E+00	0.00E+00
